1 1 1
2 1 2
3 1 3
4 1 4
5 1 5
28274 373 344
28275 373 345
28276 373 346
28277 373 347
28278 373 348
28279 373 349
28280 373 350
28281 373 351
28282 373 352
28283 373 353
28284 373 354
28285 373 355
28286 373 356
28287 373 357
28288 373 358
28289 373 359
28290 373 360
28291 373 361
28292 373 362
28293 373 363
28294 373 364
28295 373 365
28296 373 366
28297 373 367
28298 373 368
28299 373 369
28300 373 370
28301 373 371
28302 373 372
28303 373 373
28304 373 374
28305 373 375
28306 373 376
28307 373 377
28308 373 378
28309 373 379
28310 373 380
28311 373 381
28312 373 382
28313 373 383
28314 373 384
28315 373 385
28316 373 386
28317 373 387
28318 373 388
28319 373 389
28320 373 390
28321 373 391
28322 373 392
28323 373 393
28324 373 394
28325 373 395
28326 373 396
28327 373 397
28328 373 398
28329 373 399
28330 373 1
28331 373 2
28332 373 3
28333 373 4
28334 373 5
28335 373 6
28336 373 7
28337 373 8
28338 373 9
28339 373 10
28340 373 11
28341 373 12
28342 373 13
28343 373 14
28344 373 15
28345 373 16
28346 373 17
28347 373 18
28348 373 19
28349 374 20
28350 374 21
28351 374 22
28352 374 23
28353 374 24
28354 374 25
28358 374 29
28359 374 30
28360 374 31
28361 374 32
28362 374 33
28363 374 34
28364 374 35
28451 375 122
28452 375 123
28453 375 124
28454 375 125
28455 375 126
28456 375 127
28457 375 128