1 66 13
2 84 19
3 9 22
4 48 43
5 55 6
6 80 77
7 26 69
8 79 6
9 12 62
10 83 5
11 59 62
12 61 68
13 73 84
14 39 23
15 18 68
16 44 87
17 15 25
18 50 69
19 37 69
20 42 53
21 20 81
22 60 12
23 31 46
24 54 43
25 68 82
26 40 24
27 72 43
28 60 65
29 44 83
30 31 70
31 60 35
32 41 17
33 11 26
34 30 32
35 23 89
36 75 80
37 15 87
38 20 20
39 26 2
40 22 60
41 71 85
42 8 38
43 3 50
44 2 89
45 70 42
46 55 61
47 21 70
48 39 70
49 42 58
50 26 24
51 77 23
52 22 47
53 57 7
54 35 11
55 26 56
56 85 90
57 64 40
58 25 34
59 42 27
60 45 76
61 2 9
62 70 40
63 45 77
64 68 2
65 24 26
66 5 50
67 86 21
68 26 49
69 11 90
70 85 73
71 65 65
72 47 41
73 47 12
74 80 10
75 36 51
76 71 28
77 58 57
78 87 55
79 84 6
80 6 40
81 43 87
82 74 61
83 13 35
84 82 76
85 49 21
86 3 28
87 23 34
88 84 22
89 62 10
90 40 51
91 81 24
92 46 82
93 40 84
94 61 48
95 30 15
96 62 86
97 50 15
98 69 12
99 51 73
100 12 63
101 61 14
102 18 71
103 1 74
104 34 2
105 18 28
106 21 1
107 1 0
108 9 78
109 79 65
110 64 13
111 7 41
112 64 84
113 12 13
114 23 59
115 53 81
116 10 70
117 26 39
118 59 60
119 30 71
120 87 24
121 57 28
122 27 72
123 19 22
124 48 12
125 45 21
126 9 22
127 28 47
128 56 73
129 12 58
130 27 3
131 33 72
132 65 69
133 4 26
134 64 70
135 83 57
136 72 67
137 3 29
138 65 14
139 43 17
140 42 34
141 49 62
142 37 70
143 14 66
144 39 15
145 86 13
146 87 42
147 40 81
148 70 84
149 51 34
150 33 9
151 60 65
152 63 59
153 1 27
154 16 8
155 52 73
156 61 69
157 22 2
158 69 47
159 90 1
160 14 49
161 28 31
162 66 35
163 70 55
164 17 47
165 25 39
166 62 85
167 58 85
168 28 24
169 9 15
170 66 14
171 42 0
172 78 81
173 17 26
174 3 45
175 86 86
176 80 37
177 17 54
178 4 32
179 51 72
180 54 21
181 26 36
182 50 71
183 50 30
184 72 8
185 48 83
186 63 40
187 74 29
188 38 73
189 47 82
190 39 32
191 76 11
192 74 54
193 55 48
194 27 80
195 57 4
196 62 13
197 36 9
198 52 44
199 44 78
200 8 17
201 81 51
202 28 9
203 12 61
204 15 30
205 35 64
206 2 7
207 30 35
208 25 44
209 81 72
210 79 31
211 8 19
212 36 72
213 66 29
214 89 2
215 79 3
216 44 30
217 21 0
218 59 50
219 13 14
220 16 27
221 26 68
222 9 39
223 74 20
224 87 45
225 29 75
226 8 37
227 20 25
228 76 5
229 63 6
230 20 86
231 90 6
232 43 13
233 12 45
234 45 62
235 12 35
236 25 7
237 24 75
238 31 29
239 61 49
240 21 50
241 36 58
242 33 67
243 22 84
244 6 9
245 29 14
246 6 30
247 9 18
248 29 22
249 40 44
250 42 84
251 56 61
252 20 31
253 44 63
254 13 55
255 88 29
256 62 36
257 33 81
258 42 17
259 81 11
260 47 60
261 68 48
262 7 72
263 68 52
264 67 85
265 31 61
266 46 5
267 37 26
268 74 87
269 14 1
270 15 62
271 64 73
272 24 25
273 12 58
274 90 32
275 22 85
276 66 68
277 86 56
278 27 54
279 27 61
280 70 72
281 46 88
282 5 69
283 10 0
284 64 84
285 25 29
286 10 47
287 58 88
288 47 50
289 4 8
290 69 69
291 1 15
292 86 12
293 37 5
294 4 44
295 16 8
296 37 46
297 51 7
298 0 58
299 33 37
300 88 62
301 35 55
302 70 11
303 88 24
304 57 38
305 79 43
306 50 67
307 58 21
308 44 58
309 62 37
310 82 61
311 14 90
312 15 6
313 88 8
314 67 79
315 31 34
316 10 63
317 47 33
318 26 69
319 37 20
320 55 75
321 84 20
322 65 22
323 60 7
324 56 54
325 4 30
326 57 40
327 57 39
328 23 50
329 3 42
330 33 26
331 9 58
332 65 89
333 7 0
334 63 84
335 53 51
336 24 75
337 48 70
338 18 44
339 85 29
340 0 85
341 85 71
342 22 42
343 59 58
344 37 65
345 68 1
346 13 45
347 78 55
348 69 66
349 49 6
350 10 22
351 56 4
352 47 64
353 30 73
354 36 28
355 59 38
356 52 81
357 88 62
358 11 8
359 40 76
360 81 90
361 35 64
362 17 16
363 28 71
364 39 13
365 15 89
366 73 73
367 18 5
368 69 3
369 9 35
370 0 54
371 67 36
372 14 16
373 23 89
374 5 52
375 64 74
376 42 70
377 19 30
378 68 21
379 34 70
380 58 27
381 89 60
382 61 73
383 15 53
384 80 6
385 86 33
386 34 44
387 59 10
388 70 77
389 1 84
390 23 78
391 38 22
392 73 73
393 72 17
394 85 60
395 6 51
396 79 14
397 6 64
398 46 11
399 45 73
400 45 27
401 44 53
402 32 37
403 11 52
404 28 20
405 38 5
406 44 30
407 38 85
408 44 13
409 44 6
410 76 55
411 32 27
412 3 35
413 64 2
414 44 8
415 48 28
416 60 86
417 14 57
418 45 66
419 82 44
420 37 58
421 51 1
422 28 52
423 62 62
424 15 83
425 44 64
426 89 55
427 47 11
428 47 58
429 87 15
430 50 62
431 34 56
432 34 82
433 43 31
434 88 11
435 2 28
436 63 73
437 49 73
438 41 54
439 90 17
440 84 32
441 76 78
442 13 17
443 22 9
444 89 30
445 18 78
446 87 0
447 67 77
448 75 11
449 58 16
450 77 65
451 85 67
452 51 21
453 85 23
454 69 8
455 20 23
456 21 22
457 57 49
458 81 6
459 45 10
460 78 68
461 53 63
462 29 58
463 81 84
464 38 68
465 41 11
466 8 78
467 45 37
468 75 51
469 10 44
470 9 71
471 68 45
472 33 64
473 15 26
474 89 2
475 53 85
476 83 5
477 77 86
478 86 64
479 79 80
480 19 51
481 1 65
482 42 5
483 4 21
484 41 5
485 10 85
486 72 17
487 81 84
488 54 51
489 0 1
490 78 26
491 60 69
492 61 17
493 35 40
494 63 15
495 13 18
496 35 39
497 51 45
498 30 27
499 7 79
500 3 28
501 37 64
502 88 67
503 44 23
504 31 10
505 57 36
506 16 25
507 15 84
508 19 44
509 27 33
510 88 81
511 70 54
512 65 5
513 48 35
514 82 82
515 87 36
516 65 76
517 65 24
518 44 10
519 27 43
520 59 76
521 57 25
522 82 33
523 74 90
524 41 14
525 11 16
526 87 73
527 23 3
528 55 46
529 68 27
530 89 12
531 86 23
532 15 58
533 20 6
534 57 43
535 62 55
536 12 89
537 14 13
538 51 30
539 35 60
540 72 77
541 59 43
542 24 34
543 61 34
544 55 51
545 36 41
546 44 60
547 46 58
548 6 33
549 84 79
550 56 27
551 8 45
552 62 12
553 81 28
554 27 69
555 25 64
556 40 37
557 67 60
558 11 0
559 35 62
560 20 67
561 27 47
562 81 20
563 60 23
564 32 9
565 70 40
566 39 47
567 13 81
568 50 34
569 83 31
570 13 9
571 28 64
572 66 71
573 61 82
574 77 37
575 39 13
576 52 7
577 1 1
578 26 81
579 35 44
580 68 8
581 79 87
582 78 70
583 14 22
584 14 32
585 21 15
586 80 37
587 25 51
588 32 70
589 7 2
590 23 26
591 2 59
592 22 31
593 68 1
594 47 25
595 80 79
596 73 5
597 46 28
598 58 53
599 23 51
600 59 73
601 36 69
602 11 13
603 60 22
604 14 11
605 77 39
606 35 27
607 6 12
608 11 76
609 46 13
610 5 31
611 51 63
612 32 47
613 55 26
614 2 54
615 49 80
616 89 6
617 63 34
618 59 24
619 68 13
620 19 4
621 73 54
622 49 64
623 54 47
624 42 66
625 13 55
626 41 69
627 25 71
628 27 5
629 68 48
630 11 54
631 5 90
632 74 52
633 27 90
634 15 59
635 10 33
636 64 52
637 62 72
638 48 0
639 9 33
640 33 16
641 26 26
642 38 12
643 88 69
644 20 82
645 55 27
646 32 39
647 37 66
648 0 34
649 32 15
650 45 19
651 68 48
652 80 13
653 29 45
654 35 28
655 35 58
656 63 38
657 19 14
658 70 31
659 81 10
660 87 57
661 11 13
662 47 7
663 1 31
664 30 54
665 25 58
666 25 80
667 34 83
668 18 84
669 62 8
670 21 62
671 34 61
672 59 87
673 87 70
674 78 43
675 81 85
676 28 63
677 36 30
678 73 22
679 69 32
680 34 3
681 60 18
682 9 48
683 68 79
684 67 17
685 85 73
686 82 17
687 61 38
688 80 53
689 29 72
690 80 55
691 53 31
692 46 21
693 68 65
694 25 34
695 69 52
696 1 68
697 58 38
698 2 46
699 9 73
700 83 21
701 35 42
702 75 81
703 55 27
704 34 84
705 66 64
706 42 29
707 88 86
708 12 58
709 87 65
710 44 23
711 70 89
712 51 21
713 49 23
714 76 20
715 20 6
716 29 14
717 41 54
718 70 82
719 74 31
720 15 4
721 68 38
722 25 11
723 1 56
724 12 23
725 32 43
726 63 89
727 46 8
728 84 83
729 26 78
730 58 83
731 27 36
732 34 39
733 13 74
734 81 50
735 74 23
736 50 74
737 24 15
738 41 77
739 55 41
740 10 19
741 8 15
742 72 82
743 32 76
744 37 8
745 84 89
746 42 46
747 64 47
748 87 6
749 26 70
750 47 66
751 31 8
752 25 7
753 14 74
754 78 79
755 71 75
756 37 78
757 77 46
758 25 2
759 9 34
760 79 78
761 41 39
762 20 24
763 6 7
764 49 48
765 76 58
766 28 27
767 55 90
768 11 51
769 88 29
770 5 50
771 65 23
772 26 83
773 22 80
774 71 65
775 57 4
776 85 21
777 86 69
778 38 44
779 77 84
780 18 56
781 55 10
782 55 82
783 67 60
784 44 83
785 63 16
786 51 0
787 58 21
788 50 66
789 30 38
790 22 60
791 21 76
792 30 27
793 89 72
794 57 33
795 41 38
796 66 6
797 87 17
798 56 90
799 61 56
800 30 34
801 12 45
802 52 52
803 57 5
804 88 15
805 73 69
806 17 30
807 54 73
808 51 39
809 3 35
810 69 85
811 73 47
812 84 40
813 5 34
814 68 13
815 43 47
816 80 56
817 43 22
818 62 62
819 58 23
820 21 86
821 60 1
822 24 36
823 68 51
824 47 45
825 70 15
826 84 66
827 24 70
828 65 30
829 75 14
830 27 1
831 50 23
832 15 3
833 74 76
834 28 34
835 83 40
836 65 10
837 14 6
838 34 0
839 62 70
840 90 58
841 5 0
842 89 65
843 27 41
844 70 17
845 6 27
846 44 88
847 4 80
848 44 46
849 66 53
850 58 15
851 31 45
852 3 45
853 88 60
854 62 66
855 86 52
856 13 7
857 28 44
858 70 17
859 32 52
860 64 24
861 12 64
862 83 38
863 53 71
864 28 13
865 73 35
866 20 74
867 6 64
868 57 55
869 22 45
870 57 33
871 74 70
872 11 28
873 71 3
874 82 18
875 60 11
876 52 25
877 5 49
878 49 58
879 4 38
880 32 55
881 89 69
882 15 17
883 19 86
884 33 18
885 89 16
886 35 81
887 39 58
888 51 59
889 70 39
890 65 80
891 48 71
892 17 87
893 63 71
894 43 64
895 69 68
896 80 0
897 19 25
898 3 25
899 22 39
900 12 79
901 16 15
902 31 70
903 85 40
904 46 50
905 88 66
906 9 51
907 89 29
908 79 73
909 66 74
910 2 14
911 56 70
912 76 64
913 66 9
914 57 24
915 58 0
916 0 51
917 30 78
918 77 60
919 28 11
920 53 27
921 80 73
922 53 38
923 83 24
924 88 72
925 71 14
926 89 89
927 11 37
928 89 51
929 3 81
930 67 42
931 65 51
932 8 22
933 30 16
934 54 48
935 67 45
936 59 11
937 48 10
938 71 61
939 75 69
940 4 48
941 10 24
942 31 60
943 82 31
944 25 14
945 6 18
946 21 65
947 10 23
948 83 56
949 56 33
950 87 45
951 5 29
952 56 69
953 35 51
954 15 7
955 82 51
956 89 68
957 8 49
958 37 53
959 6 76
960 66 52
961 33 5
962 11 69
963 57 39
964 44 16
965 44 51
966 39 10
967 69 4
968 33 42
969 43 23
970 16 42
971 36 1
972 87 24
973 14 46
974 9 75
975 13 52
976 12 31
977 75 36
978 89 66
979 3 7
980 70 52
981 68 72
982 8 26
983 64 19
984 11 88
985 66 19
986 12 86
987 33 72
988 52 83
989 57 50
990 46 18
991 33 73
992 90 29
993 84 13
994 31 10
995 53 44
996 37 60
997 61 48
998 88 87
999 43 54
1000 47 7
1001 20 89
1002 42 20
1003 55 66
1004 60 34
1005 2 48
1006 47 67
1007 87 52
1008 1 82
1009 66 88
1010 35 69
1011 31 72
1012 66 43
1013 51 58
1014 29 65
1015 33 32
1016 52 80
1017 1 30
1018 36 20
1019 5 70
1020 54 53
1021 10 75
1022 65 77
1023 31 69
1024 25 82
1025 27 29
1026 52 68
1027 14 75
1028 29 45
1029 56 74
1030 43 15
1031 33 31
1032 49 26
1033 15 50
1034 43 37
1035 26 59
1036 63 67
1037 36 63
1038 28 27
1039 90 23
1040 51 59
1041 14 87
1042 76 43
1043 51 21
1044 51 53
1045 18 78
1046 4 70
1047 41 77
1048 42 11
1049 36 34
1050 5 13
1051 50 77
1052 56 74
1053 88 48
1054 55 2
1055 43 87
1056 60 79
1057 85 80
1058 3 81
1059 64 27
1060 90 10
1061 70 84
1062 81 46
1063 53 70
1064 10 28
1065 3 41
1066 57 69
1067 80 70
1068 89 19
1069 2 70
1070 48 90
1071 60 30
1072 17 35
1073 86 14
1074 31 35
1075 41 62
1076 60 29
1077 58 55
1078 89 20
1079 17 42
1080 9 17
1081 87 7
1082 14 74
1083 52 85
1084 60 6
1085 29 4
1086 1 19
1087 83 75
1088 77 89
1089 56 56
1090 34 38
1091 38 64
1092 4 45
1093 80 67
1094 37 65
1095 25 47
1096 81 26
1097 15 40
1098 41 69
1099 42 90
1100 29 1
1101 51 29
1102 68 21
1103 28 45
1104 65 50
1105 85 83
1106 11 0
1107 56 87
1108 44 54
1109 27 16
1110 30 13
1111 73 65
1112 16 64
1113 45 53
1114 50 63
1115 19 74
1116 17 54
1117 0 85
1118 70 20
1119 37 20
1120 87 31
1121 25 49
1122 45 29
1123 30 39
1124 43 55
1125 79 54
1126 75 3
1127 21 10
1128 8 16
1129 7 15
1130 67 14
1131 88 21
1132 45 1
1133 44 87
1134 60 31
1135 72 89
1136 89 85
1137 69 41
1138 86 55
1139 54 54
1140 46 66
1141 1 42
1142 87 52
1143 89 11
1144 21 57
1145 51 22
1146 61 45
1147 44 81
1148 9 11
1149 57 66
1150 61 18
1151 79 31
1152 44 37
1153 43 62
1154 73 5
1155 13 25
1156 41 75
1157 24 59
1158 3 49
1159 18 22
1160 39 13
1161 1 49
1162 33 44
1163 38 71
1164 30 3
1165 41 39
1166 4 59
1167 39 18
1168 7 15
1169 17 55
1170 44 14
1171 90 3
1172 18 11
1173 43 56
1174 9 34
1175 55 18
1176 51 7
1177 11 18
1178 65 25
1179 56 39
1180 23 78
1181 41 46
1182 44 9
1183 22 12
1184 46 26
1185 21 4
1186 58 0
1187 8 85
1188 61 17
1189 63 58
1190 89 43
1191 34 7
1192 50 78
1193 71 12
1194 20 83
1195 1 16
1196 89 53
1197 64 63
1198 80 12
1199 65 20
1200 17 21
1201 9 65
1202 46 19
1203 34 27
1204 17 15
1205 23 6
1206 39 31
1207 30 85
1208 54 34
1209 27 0
1210 18 61
1211 75 38
1212 70 46
1213 85 71
1214 74 11
1215 58 46
1216 56 29
1217 83 12
1218 61 33
1219 32 63
1220 59 48
1221 77 13
1222 3 26
1223 40 18
1224 69 38
1225 2 65
1226 74 38
1227 85 13
1228 54 52
1229 39 80
1230 8 26
1231 14 79
1232 68 74
1233 12 71
1234 66 69
1235 51 70
1236 42 7
1237 79 43
1238 71 12
1239 30 85
1240 50 18
1241 26 78
1242 74 27
1243 5 89
1244 76 62
1245 43 7
1246 42 3
1247 38 12
1248 17 79
1249 44 10
1250 80 36
1251 41 11
1252 76 26
1253 89 59
1254 32 26
1255 14 70
1256 65 71
1257 48 39
1258 76 85
1259 68 47
1260 65 22
1261 45 66
1262 25 14
1263 41 48
1264 61 68
1265 62 54
1266 73 3
1267 22 61
1268 68 33
1269 83 16
1270 39 22
1271 84 76
1272 11 65
1273 38 90
1274 37 70
1275 79 74
1276 22 79
1277 34 50
1278 18 81
1279 32 73
1280 66 18
1281 13 60
1282 9 12
1283 45 51
1284 40 85
1285 89 67
1286 42 8
1287 3 31
1288 1 38
1289 56 37
1290 48 75
1291 80 42
1292 7 78
1293 17 20
1294 54 85
1295 5 11
1296 21 88
1297 1 13
1298 25 28
1299 35 6
1300 11 65
1301 37 47
1302 20 71
1303 34 67
1304 8 81
1305 58 4
1306 29 5
1307 2 60
1308 39 20
1309 59 7
1310 62 10
1311 57 85
1312 46 65
1313 45 64
1314 90 46
1315 65 6
1316 17 47
1317 41 16
1318 22 26
1319 67 61
1320 34 51
1321 80 80
1322 23 16
1323 40 51
1324 72 82
1325 31 65
1326 44 41
1327 62 48
1328 72 58
1329 51 34
1330 68 81
1331 74 51
1332 67 42
1333 75 18
1334 90 73
1335 82 34
1336 44 44
1337 78 63
1338 73 49
1339 11 30
1340 42 76
1341 29 72
1342 14 88
1343 36 62
1344 19 2
1345 82 52
1346 5 45
1347 45 35
1348 73 77
1349 69 86
1350 49 1
1351 65 13
1352 17 21
1353 59 55
1354 3 74
1355 54 43
1356 47 8
1357 86 7
1358 85 88
1359 59 83
1360 31 31
1361 54 45
1362 19 13
1363 58 36
1364 56 44
1365 90 42
1366 89 75
1367 83 55
1368 38 53
1369 78 38
1370 50 71
1371 52 66
1372 80 69
1373 9 51
1374 71 68
1375 32 85
1376 51 80
1377 83 2
1378 8 18
1379 25 35
1380 48 62
1381 88 36
1382 11 20
1383 83 73
1384 68 34
1385 38 21
1386 36 1
1387 21 25
1388 73 66
1389 32 35
1390 75 60
1391 47 13
1392 42 48
1393 3 7
1394 29 2
1395 60 62
1396 60 58
1397 13 77
1398 23 63
1399 46 10
1400 50 38
1401 57 21
1402 3 64
1403 88 60
1404 55 8
1405 62 65
1406 26 28
1407 54 32
1408 83 44
1409 18 40
1410 65 7
1411 81 60
1412 28 18
1413 34 7
1414 18 7
1415 66 85
1416 24 33
1417 65 77
1418 49 31
1419 53 28
1420 68 29
1421 82 20
1422 79 67
1423 35 22
1424 72 52
1425 77 56
1426 71 70
1427 90 44
1428 10 62
1429 2 7
1430 55 70
1431 68 14
1432 86 31
1433 74 41
1434 34 1
1435 58 53
1436 26 59
1437 66 49
1438 64 49
1439 82 63
1440 70 7
1441 57 21
1442 71 53
1443 80 23
1444 10 32
1445 37 0
1446 23 44
1447 43 82
1448 35 34
1449 74 75
1450 28 13
1451 15 39
1452 51 72
1453 75 9
1454 73 21
1455 56 31
1456 28 75
1457 70 42
1458 67 59
1459 56 8
1460 50 90
1461 2 44
1462 72 19
1463 73 0
1464 7 30
1465 55 61
1466 25 82
1467 48 42
1468 5 73
1469 9 13
1470 50 37
1471 27 83
1472 50 68
1473 9 41
1474 48 5
1475 85 10
1476 83 45
1477 2 39
1478 71 18
1479 6 29
1480 63 20
1481 66 30
1482 84 61
1483 18 32
1484 44 57
1485 21 27
1486 75 89
1487 88 29
1488 2 76
1489 44 75
1490 12 4
1491 21 33
1492 87 59
1493 35 43
1494 34 82
1495 79 74
1496 62 17
1497 37 53
1498 10 58
1499 45 62
1500 37 36
1501 40 71
1502 15 1
1503 87 72
1504 51 36
1505 34 17
1506 28 56
1507 8 43
1508 38 16
1509 64 26
1510 14 63
1511 90 22
1512 63 16
1513 69 56
1514 38 59
1515 4 7
1516 2 22
1517 52 59
1518 24 17
1519 38 61
1520 38 61
1521 24 72
1522 42 73
1523 68 66
1524 17 38
1525 68 47
1526 77 29
1527 5 86
1528 5 30
1529 46 8
1530 68 21
1531 65 27
1532 55 75
1533 89 51
1534 0 35
1535 73 54
1536 46 11
1537 49 47
1538 78 41
1539 82 35
1540 14 7
1541 33 17
1542 24 46
1543 85 89
1544 9 74
1545 85 32
1546 53 28
1547 19 61
1548 65 25
1549 43 73
1550 81 27
1551 35 64
1552 87 1
1553 90 29
1554 20 72
1555 65 53
1556 46 55
1557 33 88
1558 36 52
1559 78 60
1560 41 62
1561 59 42
1562 26 41
1563 46 40
1564 70 81
1565 23 36
1566 75 26
1567 4 50
1568 80 46
1569 89 14
1570 64 16
1571 69 79
1572 25 78
1573 59 19
1574 88 15
1575 11 34
1576 82 48
1577 11 35
1578 6 49
1579 79 28
1580 48 64
1581 79 48
1582 68 27
1583 26 10
1584 22 74
1585 31 34
1586 5 83
1587 6 89
1588 36 73
1589 30 64
1590 18 30
1591 3 55
1592 22 16
1593 31 37
1594 90 2
1595 82 64
1596 49 23
1597 51 32
1598 57 18
1599 26 0
1600 83 45
1601 56 72
1602 0 17
1603 23 33
1604 22 78
1605 57 48
1606 40 67
1607 55 66
1608 54 11
1609 31 19
1610 21 47
1611 5 71
1612 43 36
1613 12 80
1614 16 25
1615 37 75
1616 46 37
1617 0 54
1618 75 34
1619 60 74
1620 2 16
1621 88 63
1622 13 35
1623 25 48
1624 90 57
1625 30 64
1626 61 63
1627 55 2
1628 71 66
1629 85 37
1630 7 35
1631 84 12
1632 21 1
1633 21 81
1634 42 36
1635 55 85
1636 2 72
1637 30 17
1638 10 20
1639 87 17
1640 6 67
1641 88 38
1642 86 42
1643 19 73
1644 23 84
1645 44 32
1646 84 21
1647 69 64
1648 81 28
1649 31 73
1650 61 85
1651 75 73
1652 76 87
1653 12 53
1654 68 30
1655 82 90
1656 51 60
1657 80 49
1658 16 69
1659 32 30
1660 35 70
1661 70 9
1662 75 24
1663 30 88
1664 50 30
1665 71 36
1666 0 78
1667 87 49
1668 7 74
1669 74 0
1670 46 34
1671 87 18
1672 16 78
1673 48 28
1674 78 59
1675 13 38
1676 45 70
1677 34 61
1678 29 74
1679 55 80
1680 5 28
1681 35 70
1682 88 10
1683 60 14
1684 78 63
1685 21 59
1686 57 17
1687 60 47
1688 63 65
1689 14 74
1690 87 16
1691 42 4
1692 68 11
1693 52 21
1694 52 60
1695 72 38
1696 16 73
1697 0 58
1698 8 28
1699 20 16
1700 2 14
1701 16 27
1702 70 5
1703 54 79
1704 51 0
1705 0 85
1706 83 71
1707 29 29
1708 48 25
1709 64 72
1710 84 27
1711 57 65
1712 12 82
1713 14 64
1714 30 71
1715 66 26
1716 12 88
1717 84 6
1718 17 25
1719 89 30
1720 14 0
1721 11 85
1722 5 32
1723 66 34
1724 28 43
1725 88 9
1726 65 45
1727 40 50
1728 59 19
1729 16 16
1730 5 59
1731 58 59
1732 60 4
1733 81 42
1734 82 78
1735 4 87
1736 68 44
1737 12 26
1738 88 66
1739 1 77
1740 5 30
1741 45 36
1742 87 65
1743 26 64
1744 89 8
1745 28 19
1746 61 7
1747 61 87
1748 27 12
1749 16 38
1750 49 23
1751 75 49
1752 7 10
1753 48 27
1754 80 85
1755 71 78
1756 80 52
1757 8 24
1758 0 57
1759 62 31
1760 54 47
1761 9 86
1762 46 61
1763 12 67
1764 28 54
1765 25 27
1766 50 80
1767 17 18
1768 84 10
1769 62 67
1770 58 11
1771 27 71
1772 89 72
1773 86 31
1774 16 72
1775 6 52
1776 84 74
1777 48 88
1778 72 81
1779 70 60
1780 62 4
1781 69 50
1782 21 30
1783 10 57
1784 68 64
1785 74 58
1786 7 42
1787 30 60
1788 35 23
1789 0 1
1790 62 89
1791 8 22
1792 74 6
1793 84 19
1794 66 40
1795 3 69
1796 53 27
1797 79 18
1798 8 14
1799 32 21
1800 11 85
1801 41 22
1802 89 67
1803 25 84
1804 60 50
1805 12 86
1806 49 83
1807 62 29
1808 84 9
1809 6 49
1810 51 74
1811 67 58
1812 69 13
1813 20 9
1814 8 32
1815 70 79
1816 47 3
1817 43 67
1818 73 83
1819 59 77
1820 22 89
1821 61 5
1822 56 84
1823 46 84
1824 55 74
1825 79 57
1826 76 36
1827 71 16
1828 56 87
1829 76 12
1830 71 74
1831 13 34
1832 57 44
1833 56 46
1834 57 2
1835 79 90
1836 53 80
1837 31 6
1838 56 70
1839 4 36
1840 53 3
1841 13 51
1842 85 30
1843 89 81
1844 18 37
1845 17 69
1846 25 81
1847 13 50
1848 3 85
1849 45 13
1850 20 60
1851 75 48
1852 79 89
1853 1 1
1854 52 77
1855 5 12
1856 68 46
1857 81 73
1858 72 39
1859 35 62
1860 59 42
1861 80 17
1862 71 86
1863 64 39
1864 37 17
1865 38 38
1866 59 68
1867 85 67
1868 60 66
1869 51 32
1870 43 82
1871 7 38
1872 62 34
1873 15 35
1874 55 63
1875 88 61
1876 29 53
1877 65 80
1878 6 38
1879 32 43
1880 41 45
1881 42 18
1882 0 28
1883 37 28
1884 42 90
1885 42 61
1886 19 41
1887 49 57
1888 78 15
1889 0 4
1890 24 57
1891 30 36
1892 59 41
1893 24 70
1894 47 14
1895 53 79
1896 75 41
1897 81 48
1898 68 35
1899 37 51
1900 59 51
1901 14 47
1902 62 30
1903 39 85
1904 26 31
1905 55 21
1906 48 52
1907 59 62
1908 58 55
1909 52 50
1910 20 42
1911 80 50
1912 69 35
1913 67 16
1914 38 23
1915 60 41
1916 28 33
1917 10 16
1918 18 64
1919 42 27
1920 37 64
1921 74 60
1922 87 34
1923 78 88
1924 15 33
1925 22 60
1926 62 52
1927 25 30
1928 59 38
1929 58 35
1930 30 28
1931 33 7
1932 35 68
1933 35 76
1934 56 17
1935 67 74
1936 26 42
1937 62 63
1938 63 59
1939 68 72
1940 83 80
1941 74 50
1942 87 4
1943 51 54
1944 39 76
1945 85 86
1946 87 55
1947 89 44
1948 54 82
1949 8 85
1950 80 50
1951 12 16
1952 33 57
1953 32 86
1954 18 76
1955 76 38
1956 36 35
1957 89 67
1958 26 90
1959 44 17
1960 73 0
1961 54 80
1962 80 36
1963 60 63
1964 17 36
1965 65 36
1966 57 81
1967 40 4
1968 78 52
1969 62 9
1970 50 75
1971 76 40
1972 64 3
1973 20 10
1974 60 74
1975 44 9
1976 8 83
1977 64 42
1978 51 11
1979 68 79
1980 1 39
1981 77 45
1982 8 0
1983 38 32
1984 9 0
1985 6 48
1986 0 19
1987 73 14
1988 59 59
1989 11 49
1990 45 35
1991 50 70
1992 60 8
1993 23 56
1994 50 71
1995 67 52
1996 68 84
1997 10 6
1998 90 67
1999 79 3
2000 70 60
2001 72 32
2002 59 10
2003 89 54
2004 39 22
2005 62 82
2006 48 2
2007 9 59
2008 32 59
2009 71 71
2010 21 47
2011 88 17
2012 75 18
2013 21 56
2014 12 79
2015 31 23
2016 88 36
2017 44 64
2018 6 80
2019 13 68
2020 22 6
2021 42 79
2022 14 21
2023 48 29
2024 81 30
2025 26 7
2026 61 21
2027 68 41
2028 90 32
2029 62 55
2030 75 16
2031 60 3
2032 21 73
2033 57 4
2034 39 22
2035 21 28
2036 76 78
2037 87 69
2038 77 24
2039 4 5
2040 77 49
2041 65 59
2042 90 74
2043 5 72
2044 60 40
2045 88 78
2046 54 51
2047 9 56
2048 28 63
2049 53 65
2050 15 56
2051 62 45
2052 33 85
2053 25 79
2054 10 67
2055 4 42
2056 34 67
2057 63 24
2058 7 38
2059 48 26
2060 62 86
2061 79 48
2062 71 82
2063 4 14
2064 65 23
2065 37 57
2066 73 45
2067 53 58
2068 27 25
2069 80 1
2070 10 23
2071 89 52
2072 58 80
2073 61 77
2074 25 24
2075 36 36
2076 10 16
2077 43 64
2078 5 89
2079 84 88
2080 41 5
2081 79 55
2082 82 38
2083 12 5
2084 79 23
2085 70 86
2086 72 77
2087 79 20
2088 18 78
2089 1 33
2090 16 63
2091 74 2
2092 19 44
2093 13 37
2094 35 31
2095 26 20
2096 31 63
2097 10 11
2098 24 75
2099 52 73
2100 54 64
2101 55 28
2102 27 48
2103 88 37
2104 34 42
2105 88 59
2106 18 41
2107 77 2
2108 73 31
2109 35 89
2110 55 38
2111 90 70
2112 83 59
2113 53 51
2114 69 28
2115 56 38
2116 29 44
2117 40 41
2118 79 22
2119 4 90
2120 8 52
2121 51 76
2122 32 29
2123 58 34
2124 34 53
2125 57 80
2126 80 40
2127 24 90
2128 23 29
2129 65 7
2130 71 14
2131 32 58
2132 69 81
2133 50 27
2134 36 53
2135 59 9
2136 67 88
2137 19 60
2138 29 19
2139 39 87
2140 31 3
2141 54 24
2142 2 90
2143 27 0
2144 49 43
2145 11 52
2146 0 24
2147 61 61
2148 6 38
2149 49 42
2150 28 21
2151 17 30
2152 67 2
2153 54 78
2154 8 4
2155 66 17
2156 24 80
2157 26 0
2158 71 35
2159 22 46
2160 46 10
2161 26 68
2162 27 53
2163 35 81
2164 39 64
2165 81 65
2166 62 43
2167 5 83
2168 71 10
2169 41 41
2170 25 43
2171 3 33
2172 74 77
2173 36 59
2174 69 74
2175 72 28
2176 24 61
2177 38 33
2178 33 7
2179 48 71
2180 14 65
2181 12 52
2182 1 25
2183 30 82
2184 10 75
2185 70 51
2186 49 45
2187 33 68
2188 57 27
2189 37 58
2190 24 78
2191 29 9
2192 16 51
2193 53 89
2194 55 21
2195 39 10
2196 26 17
2197 69 23
2198 59 31
2199 29 79
2200 16 35
2201 40 80
2202 84 35
2203 81 63
2204 20 0
2205 73 24
2206 65 67
2207 27 18
2208 31 50
2209 4 44
2210 21 38
2211 80 11
2212 57 73
2213 83 29
2214 48 76
2215 18 89
2216 44 84
2217 51 53
2218 40 87
2219 38 1
2220 1 45
2221 5 59
2222 7 89
2223 41 52
2224 51 54
2225 1 23
2226 46 5
2227 38 10
2228 35 59
2229 26 45
2230 58 37
2231 46 30
2232 11 69
2233 58 30
2234 21 68
2235 18 55
2236 26 10
2237 36 78
2238 71 59
2239 85 12
2240 82 80
2241 20 71
2242 45 51
2243 3 87
2244 87 75
2245 75 66
2246 57 11
2247 7 7
2248 70 69
2249 67 35
2250 11 78
2251 31 88
2252 39 39
2253 51 29
2254 29 81
2255 65 86
2256 11 59
2257 34 90
2258 43 47
2259 15 51
2260 68 61
2261 25 51
2262 37 31
2263 23 21
2264 15 79
2265 13 23
2266 90 29
2267 70 24
2268 57 78
2269 0 52
2270 38 16
2271 59 17
2272 76 69
2273 59 71
2274 19 89
2275 17 41
2276 85 45
2277 73 23
2278 27 58
2279 83 68
2280 38 21
2281 50 72
2282 36 14
2283 38 71
2284 49 67
2285 44 52
2286 0 15
2287 23 73
2288 29 48
2289 67 28
2290 29 24
2291 19 56
2292 52 9
2293 38 13
2294 33 47
2295 87 59
2296 86 34
2297 83 36
2298 86 47
2299 64 81
2300 67 46
2301 60 41
2302 50 34
2303 69 20
2304 46 53
2305 69 38
2306 85 52
2307 72 51
2308 57 52
2309 27 58
2310 45 11
2311 85 44
2312 21 48
2313 69 25
2314 72 76
2315 12 19
2316 18 87
2317 34 75
2318 58 75
2319 59 24
2320 67 80
2321 40 38
2322 85 27
2323 12 33
2324 1 27
2325 47 69
2326 16 83
2327 24 78
2328 12 53
2329 54 54
2330 29 16
2331 51 1
2332 18 15
2333 45 19
2334 24 46
2335 3 82
2336 33 48
2337 55 44
2338 83 79
2339 70 7
2340 67 49
2341 68 10
2342 54 49
2343 60 42
2344 74 69
2345 14 62
2346 75 36
2347 76 72
2348 74 73
2349 54 2
2350 39 12
2351 61 57
2352 86 75
2353 12 37
2354 35 73
2355 23 21
2356 78 83
2357 15 86
2358 21 61
2359 90 21
2360 4 84
2361 30 20
2362 31 35
2363 47 35
2364 6 66
2365 35 30
2366 51 65
2367 14 71
2368 43 52
2369 82 37
2370 62 6
2371 64 40
2372 2 40
2373 52 18
2374 63 31
2375 42 3
2376 43 16
2377 72 66
2378 39 73
2379 35 73
2380 86 28
2381 61 58
2382 16 70
2383 80 0
2384 34 52
2385 9 48
2386 81 86
2387 50 40
2388 16 36
2389 28 55
2390 23 9
2391 88 21
2392 20 73
2393 83 10
2394 77 36
2395 2 37
2396 43 48
2397 74 12
2398 88 9
2399 1 29
2400 0 87
2401 89 6
2402 35 1
2403 39 49
2404 15 17
2405 55 11
2406 82 83
2407 32 26
2408 42 31
2409 54 10
2410 80 87
2411 51 78
2412 37 34
2413 26 83
2414 44 73
2415 50 17
2416 37 35
2417 20 5
2418 45 27
2419 26 57
2420 49 2
2421 85 17
2422 16 75
2423 9 71
2424 12 61
2425 86 6
2426 59 72
2427 61 56
2428 50 85
2429 46 18
2430 89 54
2431 54 76
2432 45 17
2433 40 43
2434 19 13
2435 5 47
2436 49 49
2437 37 39
2438 81 78
2439 79 81
2440 20 44
2441 56 32
2442 17 25
2443 71 66
2444 52 82
2445 31 50
2446 20 61
2447 14 59
2448 75 49
2449 31 43
2450 35 64
2451 6 48
2452 12 72
2453 47 69
2454 32 31
2455 89 74
2456 88 5
2457 45 50
2458 26 86
2459 39 63
2460 75 34
2461 57 48
2462 75 34
2463 35 5
2464 83 83
2465 53 74
2466 15 59
2467 90 56
2468 69 35
2469 85 50
2470 51 46
2471 10 8
2472 72 3
2473 10 3
2474 7 22
2475 30 76
2476 68 56
2477 87 66
2478 35 85
2479 4 29
2480 3 34
2481 37 77
2482 79 2
2483 73 75
2484 87 3
2485 70 24
2486 74 8
2487 36 51
2488 26 69
2489 74 76
2490 37 9
2491 54 62
2492 56 42
2493 60 68
2494 32 31
2495 48 74
2496 75 75
2497 81 49
2498 36 24
2499 19 45
2500 78 50
2501 66 58
2502 90 72
2503 32 19
2504 52 28
2505 12 63
2506 29 87
2507 73 71
2508 0 54
2509 35 44
2510 17 40
2511 78 65
2512 85 85
2513 3 3
2514 81 61
2515 74 17
2516 5 28
2517 85 11
2518 55 7
2519 81 69
2520 49 47
2521 57 47
2522 87 55
2523 47 34
2524 4 15
2525 84 74
2526 62 40
2527 61 53
2528 60 73
2529 40 54
2530 54 33
2531 40 78
2532 32 71
2533 82 90
2534 41 40
2535 1 30
2536 39 84
2537 64 90
2538 26 55
2539 69 7
2540 89 81
2541 28 19
2542 55 56
2543 31 79
2544 89 51
2545 54 6
2546 42 38
2547 50 53
2548 44 21
2549 89 81
2550 7 29
2551 81 62
2552 87 8
2553 6 10
2554 8 61
2555 83 25
2556 88 57
2557 29 76
2558 81 10
2559 54 82
2560 39 82
2561 62 51
2562 20 17
2563 18 39
2564 65 3
2565 55 47
2566 67 20
2567 82 71
2568 81 17
2569 89 80
2570 52 31
2571 59 28
2572 48 57
2573 59 70
2574 7 61
2575 59 69
2576 29 20
2577 60 38
2578 3 57
2579 44 53
2580 6 44
2581 59 55
2582 76 72
2583 5 32
2584 38 68
2585 21 84
2586 18 41
2587 60 13
2588 82 28
2589 87 76
2590 63 39
2591 1 13
2592 27 75
2593 30 18
2594 33 31
2595 59 79
2596 68 32
2597 81 77
2598 80 27
2599 14 30
2600 2 33
2601 12 39
2602 36 71
2603 28 27
2604 24 16
2605 29 83
2606 90 4
2607 26 27
2608 88 55
2609 12 62
2610 34 83
2611 41 44
2612 7 44
2613 87 7
2614 27 26
2615 61 58
2616 82 75
2617 5 12
2618 2 85
2619 13 9
2620 84 29
2621 65 16
2622 62 63
2623 3 74
2624 50 52
2625 9 18
2626 64 59
2627 72 71
2628 39 29
2629 5 12
2630 82 32
2631 40 1
2632 52 58
2633 2 45
2634 42 35
2635 44 3
2636 24 14
2637 85 50
2638 34 89
2639 7 89
2640 79 68
2641 83 23
2642 15 69
2643 32 65
2644 47 20
2645 74 11
2646 41 16
2647 78 19
2648 71 71
2649 40 63
2650 4 80
2651 14 11
2652 40 5
2653 13 71
2654 43 85
2655 86 20
2656 0 8
2657 8 30
2658 16 78
2659 90 32
2660 9 25
2661 85 3
2662 47 73
2663 26 24
2664 4 42
2665 77 38
2666 1 52
2667 87 11
2668 61 49
2669 12 14
2670 73 90
2671 68 59
2672 82 17
2673 80 13
2674 41 18
2675 62 58
2676 74 15
2677 56 70
2678 68 66
2679 13 10
2680 61 10
2681 52 31
2682 78 16
2683 86 33
2684 45 62
2685 55 30
2686 62 80
2687 2 77
2688 48 53
2689 62 65
2690 84 44
2691 59 74
2692 84 49
2693 60 21
2694 49 4
2695 52 65
2696 50 42
2697 8 52
2698 15 25
2699 53 82
2700 35 86
2701 20 26
2702 57 24
2703 64 78
2704 51 78
2705 35 54
2706 65 83
2707 22 74
2708 39 1
2709 73 37
2710 40 89
2711 56 31
2712 3 69
2713 74 73
2714 37 3
2715 8 89
2716 14 23
2717 62 90
2718 66 48
2719 76 79
2720 49 46
2721 21 84
2722 26 76
2723 4 80
2724 52 72
2725 51 62
2726 37 14
2727 55 4
2728 64 36
2729 1 0
2730 54 37
2731 42 49
2732 79 8
2733 21 47
2734 34 38
2735 19 5
2736 45 71
2737 53 51
2738 24 17
2739 78 9
2740 18 90
2741 31 6
2742 63 74
2743 28 63
2744 67 43
2745 40 30
2746 18 40
2747 41 48
2748 25 87
2749 55 56
2750 16 40
2751 34 64
2752 15 49
2753 11 32
2754 51 60
2755 77 46
2756 22 88
2757 7 1
2758 82 38
2759 77 39
2760 89 17
2761 40 8
2762 10 34
2763 79 19
2764 25 43
2765 16 7
2766 6 39
2767 28 11
2768 90 3
2769 23 42
2770 85 82
2771 77 82
2772 12 31
2773 3 22
2774 71 86
2775 83 72
2776 33 66
2777 28 5
2778 31 49
2779 76 37
2780 20 36
2781 58 49
2782 70 1
2783 64 66
2784 68 68
2785 84 15
2786 18 46
2787 65 21
2788 49 1
2789 54 68
2790 68 74
2791 3 82
2792 0 53
2793 76 41
2794 47 90
2795 28 61
2796 48 23
2797 52 53
2798 66 83
2799 28 22
2800 10 64
2801 15 71
2802 71 53
2803 78 86
2804 43 81
2805 16 8
2806 23 42
2807 48 79
2808 29 86
2809 77 75
2810 60 31
2811 76 37
2812 32 71
2813 56 11
2814 9 37
2815 7 9
2816 72 79
2817 13 80
2818 50 17
2819 4 12
2820 90 27
2821 90 28
2822 52 33
2823 61 44
2824 74 50
2825 64 88
2826 69 50
2827 74 29
2828 13 19
2829 87 14
2830 61 85
2831 1 6
2832 1 17
2833 66 11
2834 78 20
2835 32 76
2836 74 10
2837 75 80
2838 27 45
2839 84 66
2840 5 66
2841 8 20
2842 0 12
2843 44 21
2844 9 45
2845 84 63
2846 33 4
2847 84 69
2848 52 51
2849 76 11
2850 45 44
2851 4 48
2852 36 46
2853 35 1
2854 26 53
2855 68 44
2856 9 22
2857 32 71
2858 35 5
2859 3 59
2860 46 52
2861 71 13
2862 37 63
2863 18 2
2864 30 61
2865 63 35
2866 9 78
2867 72 20
2868 86 18
2869 77 33
2870 6 50
2871 9 22
2872 15 66
2873 42 38
2874 79 69
2875 1 74
2876 6 90
2877 41 57
2878 22 48
2879 8 1
2880 83 46
2881 43 79
2882 7 45
2883 31 83
2884 13 26
2885 31 44
2886 51 1
2887 49 10
2888 20 35
2889 70 54
2890 21 22
2891 83 44
2892 82 8
2893 4 66
2894 64 30
2895 47 81
2896 19 61
2897 39 35
2898 14 32
2899 25 45
2900 90 8
2901 61 9
2902 65 1
2903 9 35
2904 26 79
2905 77 0
2906 8 51
2907 88 78
2908 17 9
2909 7 74
2910 84 21
2911 23 76
2912 85 56
2913 68 80
2914 46 34
2915 61 64
2916 1 2
2917 7 85
2918 74 24
2919 79 41
2920 41 71
2921 88 43
2922 89 89
2923 51 45
2924 73 19
2925 60 82
2926 21 47
2927 90 7
2928 14 51
2929 28 90
2930 17 63
2931 78 38
2932 66 89
2933 5 73
2934 43 86
2935 59 71
2936 79 27
2937 51 22
2938 34 89
2939 33 72
2940 80 11
2941 11 8
2942 70 74
2943 65 64
2944 61 33
2945 87 26
2946 75 7
2947 36 68
2948 62 25
2949 50 16
2950 30 84
2951 53 27
2952 27 76
2953 23 71
2954 54 17
2955 83 19
2956 29 8
2957 61 42
2958 61 6
2959 50 88
2960 21 29
2961 64 46
2962 76 61
2963 30 11
2964 74 76
2965 53 16
2966 79 46
2967 20 22
2968 27 63
2969 67 56
2970 23 26
2971 16 67
2972 45 60
2973 63 61
2974 7 3
2975 34 10
2976 14 75
2977 46 68
2978 12 81
2979 36 42
2980 51 65
2981 5 8
2982 64 90
2983 77 31
2984 6 5
2985 13 74
2986 3 34
2987 84 37
2988 67 3
2989 55 26
2990 90 77
2991 57 81
2992 59 61
2993 53 50
2994 6 15
2995 19 6
2996 86 58
2997 37 13
2998 21 84
2999 43 85
3000 54 70
3001 17 71
3002 28 81
3003 62 12
3004 67 74
3005 46 71
3006 68 64
3007 75 29
3008 21 80
3009 30 73
3010 82 58
3011 48 34
3012 30 10
3013 47 76
3014 86 82
3015 52 58
3016 34 77
3017 48 9
3018 46 54
3019 9 64
3020 38 19
3021 31 54
3022 88 54
3023 52 90
3024 69 28
3025 30 31
3026 17 52
3027 5 40
3028 67 48
3029 36 29
3030 4 40
3031 23 27
3032 28 80
3033 70 8
3034 61 77
3035 47 36
3036 43 86
3037 69 72
3038 85 84
3039 34 72
3040 15 64
3041 48 58
3042 6 46
3043 85 65
3044 64 32
3045 39 62
3046 76 81
3047 89 20
3048 89 3
3049 8 89
3050 61 48
3051 79 9
3052 46 56
3053 72 11
3054 11 85
3055 82 82
3056 17 75
3057 45 83
3058 15 54
3059 4 74
3060 52 73
3061 31 36
3062 56 79
3063 23 26
3064 18 80
3065 36 22
3066 50 90
3067 34 56
3068 39 33
3069 7 55
3070 49 0
3071 54 46
3072 50 46
3073 81 13
3074 72 60
3075 11 44
3076 55 17
3077 11 21
3078 39 17
3079 87 62
3080 27 12
3081 47 11
3082 4 13
3083 62 3
3084 41 24
3085 77 53
3086 81 16
3087 73 28
3088 41 29
3089 51 70
3090 17 63
3091 90 59
3092 46 0
3093 88 10
3094 65 90
3095 79 17
3096 39 6
3097 66 2
3098 11 33
3099 86 63
3100 13 24
3101 14 34
3102 11 78
3103 68 67
3104 20 12
3105 18 86
3106 2 82
3107 28 38
3108 53 10
3109 30 64
3110 47 55
3111 6 65
3112 86 58
3113 27 56
3114 71 21
3115 15 16
3116 25 24
3117 46 55
3118 13 70
3119 65 27
3120 72 59
3121 56 68
3122 84 74
3123 33 6
3124 83 66
3125 7 15
3126 69 81
3127 64 16
3128 76 27
3129 50 3
3130 29 1
3131 40 17
3132 76 36
3133 22 48
3134 37 45
3135 35 69
3136 42 32
3137 16 42
3138 35 33
3139 87 2
3140 45 48
3141 71 55
3142 20 54
3143 76 46
3144 35 28
3145 69 43
3146 72 37
3147 9 60
3148 38 72
3149 84 62
3150 22 4
3151 5 39
3152 7 61
3153 67 37
3154 65 19
3155 73 68
3156 35 83
3157 30 41
3158 79 62
3159 53 89
3160 27 43
3161 84 57
3162 3 40
3163 4 16
3164 37 88
3165 71 72
3166 7 31
3167 62 78
3168 62 7
3169 18 26
3170 14 80
3171 49 1
3172 45 79
3173 14 23
3174 11 63
3175 12 82
3176 17 10
3177 20 83
3178 60 59
3179 16 6
3180 78 76
3181 41 11
3182 56 54
3183 57 24
3184 26 21
3185 16 45
3186 82 25
3187 30 9
3188 48 43
3189 73 29
3190 20 72
3191 17 63
3192 27 35
3193 41 4
3194 14 33
3195 25 38
3196 17 72
3197 79 82
3198 68 19
3199 68 17
3200 9 47
3201 12 78
3202 60 27
3203 25 56
3204 62 7
3205 37 61
3206 19 43
3207 57 24
3208 7 21
3209 0 28
3210 11 37
3211 9 6
3212 10 26
3213 7 72
3214 59 86
3215 50 77
3216 86 16
3217 55 88
3218 56 82
3219 8 30
3220 46 62
3221 20 14
3222 6 47
3223 32 0
3224 16 22
3225 15 90
3226 37 79
3227 83 41
3228 71 87
3229 36 63
3230 90 17
3231 52 70
3232 55 76
3233 44 66
3234 55 44
3235 77 48
3236 44 72
3237 13 66
3238 8 47
3239 35 2
3240 58 10
3241 47 6
3242 49 59
3243 8 41
3244 81 8
3245 36 80
3246 67 83
3247 12 35
3248 31 41
3249 82 25
3250 82 36
3251 62 51
3252 63 81
3253 8 65
3254 10 53
3255 18 80
3256 58 0
3257 37 54
3258 8 39
3259 67 38
3260 9 24
3261 32 84
3262 45 84
3263 2 47
3264 49 78
3265 50 45
3266 6 57
3267 57 2
3268 36 57
3269 45 25
3270 83 14
3271 4 57
3272 55 54
3273 38 87
3274 35 42
3275 40 43
3276 64 24
3277 86 18
3278 84 32
3279 16 22
3280 41 27
3281 55 30
3282 55 3
3283 75 90
3284 32 47
3285 58 9
3286 50 34
3287 27 1
3288 88 52
3289 61 19
3290 71 81
3291 67 78
3292 66 34
3293 36 81
3294 40 9
3295 69 53
3296 29 31
3297 89 30
3298 32 89
3299 89 15
3300 39 17
3301 54 81
3302 40 65
3303 70 49
3304 52 41
3305 57 24
3306 55 23
3307 3 89
3308 72 25
3309 46 69
3310 36 40
3311 7 67
3312 85 12
3313 78 83
3314 75 23
3315 19 86
3316 65 10
3317 67 46
3318 64 78
3319 49 36
3320 55 54
3321 87 2
3322 75 39
3323 84 28
3324 81 43
3325 8 76
3326 19 46
3327 84 49
3328 32 41
3329 54 35
3330 31 19
3331 45 3
3332 47 12
3333 90 79
3334 54 1
3335 58 58
3336 59 54
3337 77 80
3338 28 40
3339 46 50
3340 12 79
3341 87 85
3342 5 55
3343 5 57
3344 86 65
3345 21 55
3346 34 13
3347 26 7
3348 77 51
3349 19 89
3350 70 0
3351 0 71
3352 5 48
3353 56 69
3354 26 81
3355 21 7
3356 59 26
3357 3 63
3358 34 23
3359 79 19
3360 49 8
3361 10 30
3362 42 71
3363 8 88
3364 29 44
3365 67 40
3366 41 1
3367 28 30
3368 38 69
3369 56 47
3370 7 64
3371 85 19
3372 29 8
3373 6 54
3374 59 30
3375 68 49
3376 47 5
3377 12 39
3378 17 85
3379 39 50
3380 51 2
3381 64 18
3382 1 86
3383 29 28
3384 38 88
3385 44 44
3386 6 12
3387 3 36
3388 26 66
3389 65 30
3390 57 14
3391 64 78
3392 88 31
3393 15 29
3394 70 29
3395 82 63
3396 22 34
3397 49 27
3398 30 50
3399 81 79
3400 20 31
3401 52 56
3402 55 83
3403 6 71
3404 9 87
3405 54 38
3406 23 77
3407 10 5
3408 7 22
3409 20 78
3410 76 2
3411 71 88
3412 43 43
3413 23 76
3414 15 71
3415 46 46
3416 15 22
3417 34 69
3418 72 83
3419 77 71
3420 36 49
3421 71 27
3422 20 21
3423 49 63
3424 80 32
3425 84 1
3426 35 33
3427 21 17
3428 76 17
3429 68 56
3430 4 85
3431 75 70
3432 49 74
3433 38 37
3434 13 10
3435 17 59
3436 67 12
3437 69 10
3438 18 86
3439 67 57
3440 9 10
3441 76 18
3442 12 60
3443 21 6
3444 1 66
3445 66 65
3446 84 53
3447 67 70
3448 47 73
3449 48 21
3450 63 14
3451 69 4
3452 48 22
3453 39 12
3454 90 7
3455 19 28
3456 16 85
3457 43 74
3458 4 8
3459 67 17
3460 72 75
3461 26 87
3462 28 85
3463 8 49
3464 52 53
3465 81 81
3466 77 76
3467 17 18
3468 85 78
3469 87 1
3470 5 27
3471 4 52
3472 31 5
3473 53 70
3474 60 89
3475 56 90
3476 3 7
3477 33 43
3478 24 42
3479 33 68
3480 7 41
3481 33 84
3482 28 30
3483 7 76
3484 56 49
3485 42 63
3486 70 8
3487 49 0
3488 26 13
3489 51 3
3490 88 16
3491 17 37
3492 63 36
3493 23 40
3494 16 75
3495 12 44
3496 46 76
3497 55 32
3498 13 43
3499 60 83
3500 67 78
3501 45 7
3502 76 20
3503 49 69
3504 82 79
3505 22 7
3506 72 36
3507 18 48
3508 75 87
3509 38 82
3510 88 75
3511 63 21
3512 72 46
3513 36 43
3514 64 71
3515 48 89
3516 16 76
3517 57 40
3518 59 30
3519 41 33
3520 55 88
3521 27 59
3522 84 3
3523 49 35
3524 65 35
3525 13 48
3526 78 38
3527 77 86
3528 43 84
3529 82 67
3530 4 56
3531 12 34
3532 29 33
3533 70 71
3534 43 65
3535 89 14
3536 35 41
3537 52 38
3538 40 32
3539 11 73
3540 61 58
3541 4 55
3542 14 2
3543 85 27
3544 74 5
3545 74 65
3546 86 40
3547 68 32
3548 9 37
3549 69 39
3550 34 40
3551 37 4
3552 30 43
3553 7 8
3554 78 31
3555 26 27
3556 62 18
3557 71 64
3558 78 47
3559 36 8
3560 21 63
3561 47 51
3562 36 57
3563 2 15
3564 88 13
3565 1 62
3566 0 72
3567 34 39
3568 8 21
3569 86 77
3570 19 20
3571 19 41
3572 9 50
3573 15 30
3574 16 43
3575 34 39
3576 46 16
3577 15 25
3578 32 16
3579 31 82
3580 53 55
3581 31 19
3582 22 33
3583 1 75
3584 37 59
3585 1 64
3586 39 2
3587 2 49
3588 36 30
3589 59 11
3590 27 14
3591 3 71
3592 36 70
3593 32 56
3594 13 14
3595 20 29
3596 79 4
3597 43 51
3598 75 83
3599 59 24
3600 1 6
3601 43 70
3602 27 62
3603 52 63
3604 48 51
3605 62 69
3606 16 86
3607 71 24
3608 11 72
3609 23 85
3610 11 51
3611 49 1
3612 27 14
3613 55 24
3614 57 76
3615 86 73
3616 20 49
3617 5 48
3618 6 53
3619 84 33
3620 29 20
3621 84 26
3622 51 12
3623 6 66
3624 79 54
3625 65 35
3626 9 85
3627 46 20
3628 6 18
3629 26 78
3630 74 87
3631 23 13
3632 80 72
3633 30 34
3634 76 26
3635 44 80
3636 79 76
3637 63 81
3638 23 50
3639 59 26
3640 59 34
3641 79 11
3642 1 34
3643 32 53
3644 62 16
3645 17 66
3646 78 70
3647 15 8
3648 26 87
3649 14 37
3650 19 35
3651 87 35
3652 54 73
3653 16 4
3654 90 41
3655 39 46
3656 38 38
3657 17 80
3658 63 87
3659 77 36
3660 29 64
3661 37 76
3662 31 49
3663 3 3
3664 37 12
3665 70 13
3666 20 34
3667 84 2
3668 52 49
3669 36 30
3670 71 0
3671 79 22
3672 24 74
3673 20 64
3674 12 54
3675 25 87
3676 78 84
3677 24 55
3678 18 64
3679 88 7
3680 56 0
3681 13 29
3682 11 89
3683 64 34
3684 55 39
3685 30 83
3686 21 54
3687 54 5
3688 59 83
3689 86 83
3690 4 0
3691 78 17
3692 13 37
3693 55 79
3694 28 29
3695 70 36
3696 8 27
3697 73 70
3698 13 78
3699 61 89
3700 72 68
3701 17 71
3702 21 48
3703 23 17
3704 6 54
3705 50 84
3706 59 75
3707 52 35
3708 80 7
3709 2 79
3710 46 80
3711 89 62
3712 12 89
3713 6 17
3714 48 47
3715 44 6
3716 15 81
3717 83 7
3718 79 6
3719 32 6
3720 84 89
3721 50 75
3722 74 63
3723 9 89
3724 90 25
3725 32 57
3726 39 84
3727 40 69
3728 8 84
3729 33 25
3730 55 54
3731 78 83
3732 0 9
3733 41 19
3734 67 30
3735 29 3
3736 20 85
3737 81 33
3738 33 46
3739 20 80
3740 22 22
3741 2 30
3742 4 59
3743 87 82
3744 73 14
3745 9 2
3746 88 59
3747 55 68
3748 5 27
3749 90 11
3750 42 70
3751 62 68
3752 0 77
3753 10 42
3754 36 69
3755 76 46
3756 37 23
3757 50 71
3758 76 43
3759 48 69
3760 63 54
3761 5 44
3762 68 4
3763 81 51
3764 32 1
3765 48 84
3766 17 13
3767 26 2
3768 4 81
3769 13 67
3770 57 44
3771 13 32
3772 56 86
3773 84 6
3774 70 14
3775 8 47
3776 25 83
3777 7 50
3778 8 49
3779 15 59
3780 78 22
3781 50 90
3782 22 47
3783 87 32
3784 23 49
3785 51 13
3786 27 33
3787 54 7
3788 81 10
3789 3 22
3790 35 52
3791 3 47
3792 13 44
3793 46 15
3794 89 10
3795 81 82
3796 82 26
3797 44 57
3798 50 17
3799 83 40
3800 40 38
3801 72 57
3802 22 13
3803 40 13
3804 77 79
3805 65 57
3806 1 56
3807 40 63
3808 61 50
3809 38 40
3810 36 19
3811 82 14
3812 45 64
3813 32 67
3814 24 86
3815 18 78
3816 70 79
3817 72 17
3818 34 83
3819 16 80
3820 47 4
3821 13 88
3822 37 53
3823 75 48
3824 5 12
3825 8 65
3826 78 75
3827 42 8
3828 61 41
3829 16 15
3830 88 37
3831 58 7
3832 44 66
3833 1 4
3834 61 0
3835 58 18
3836 82 51
3837 28 42
3838 4 58
3839 14 59
3840 31 42
3841 42 56
3842 63 2
3843 63 66
3844 17 71
3845 71 65
3846 47 23
3847 31 25
3848 80 29
3849 39 43
3850 29 33
3851 88 27
3852 15 2
3853 31 50
3854 25 33
3855 36 1
3856 32 56
3857 21 44
3858 30 15
3859 87 67
3860 5 67
3861 37 41
3862 1 13
3863 85 70
3864 39 49
3865 51 76
3866 43 88
3867 1 32
3868 55 61
3869 69 47
3870 12 16
3871 43 45
3872 36 48
3873 72 90
3874 9 24
3875 36 75
3876 6 75
3877 35 22
3878 34 53
3879 82 9
3880 74 70
3881 78 88
3882 12 86
3883 6 12
3884 52 41
3885 51 89
3886 20 80
3887 37 4
3888 83 26
3889 31 52
3890 15 77
3891 85 63
3892 49 42
3893 69 32
3894 50 25
3895 20 73
3896 14 60
3897 15 82
3898 65 86
3899 88 66
3900 56 54
3901 14 39
3902 11 66
3903 8 3
3904 1 7
3905 63 57
3906 6 1
3907 73 89
3908 18 89
3909 56 85
3910 15 37
3911 41 67
3912 54 65
3913 83 27
3914 28 6
3915 72 43
3916 37 83
3917 51 21
3918 54 49
3919 82 47
3920 52 63
3921 90 80
3922 52 60
3923 42 0
3924 90 54
3925 0 64
3926 66 0
3927 64 45
3928 29 27
3929 65 21
3930 61 55
3931 22 75
3932 32 35
3933 13 54
3934 87 17
3935 63 66
3936 3 63
3937 78 57
3938 7 11
3939 87 8
3940 47 83
3941 68 68
3942 35 65
3943 8 68
3944 54 28
3945 84 79
3946 29 74
3947 63 5
3948 40 10
3949 84 56
3950 44 73
3951 44 4
3952 14 90
3953 53 13
3954 39 54
3955 58 44
3956 33 20
3957 75 90
3958 79 71
3959 2 15
3960 64 0
3961 24 45
3962 87 72
3963 62 12
3964 18 7
3965 2 56
3966 32 43
3967 34 5
3968 11 73
3969 26 36
3970 36 87
3971 48 70
3972 9 1
3973 13 3
3974 58 6
3975 22 32
3976 20 36
3977 86 35
3978 7 82
3979 56 3
3980 37 51
3981 81 14
3982 90 11
3983 13 56
3984 60 12
3985 10 5
3986 41 60
3987 79 33
3988 30 26
3989 22 3
3990 49 58
3991 72 5
3992 33 4
3993 47 35
3994 45 83
3995 45 0
3996 82 9
3997 71 45
3998 26 22
3999 37 15
4000 37 53
4001 75 57
4002 41 1
4003 64 28
4004 53 2
4005 15 73
4006 20 40
4007 35 71
4008 51 67
4009 41 77
4010 76 81
4011 61 82
4012 51 66
4013 74 77
4014 6 75
4015 85 25
4016 46 18
4017 53 58
4018 36 77
4019 55 59
4020 61 45
4021 49 55
4022 21 84
4023 69 61
4024 10 22
4025 65 9
4026 38 68
4027 49 36
4028 61 22
4029 39 44
4030 88 83
4031 10 52
4032 84 66
4033 78 18
4034 15 40
4035 17 18
4036 35 15
4037 1 21
4038 30 20
4039 26 27
4040 83 32
4041 28 4
4042 25 87
4043 8 55
4044 80 0
4045 41 37
4046 87 34
4047 22 1
4048 32 79
4049 72 46
4050 71 65
4051 74 58
4052 90 43
4053 55 57
4054 81 27
4055 56 59
4056 47 45
4057 76 30
4058 90 57
4059 38 27
4060 37 64
4061 85 10
4062 28 72
4063 38 9
4064 77 69
4065 49 12
4066 67 60
4067 31 84
4068 78 15
4069 77 45
4070 89 60
4071 74 83
4072 4 65
4073 74 66
4074 22 89
4075 63 47
4076 75 32
4077 42 10
4078 42 58
4079 34 84
4080 15 71
4081 30 6
4082 5 64
4083 12 62
4084 41 60
4085 64 18
4086 1 38
4087 86 42
4088 83 64
4089 66 82
4090 29 77
4091 24 82
4092 26 64
4093 45 58
4094 31 3
4095 27 21
4096 34 0
4097 81 67
4098 61 73
4099 80 6
4100 38 69
4101 59 69
4102 71 89
4103 16 66
4104 55 60
4105 3 56
4106 86 79
4107 26 37
4108 20 62
4109 72 27
4110 83 53
4111 21 69
4112 10 25
4113 30 74
4114 25 88
4115 41 49
4116 38 59
4117 3 68
4118 22 15
4119 15 20
4120 49 74
4121 80 78
4122 49 7
4123 86 59
4124 80 7
4125 41 16
4126 10 24
4127 58 73
4128 38 30
4129 69 4
4130 26 28
4131 53 16
4132 8 57
4133 12 0
4134 80 34
4135 52 87
4136 69 11
4137 19 37
4138 57 4
4139 27 17
4140 13 19
4141 76 5
4142 59 61
4143 32 55
4144 5 18
4145 82 59
4146 38 18
4147 23 19
4148 46 19
4149 65 80
4150 19 75
4151 77 88
4152 52 48
4153 7 14
4154 29 24
4155 13 82
4156 29 43
4157 23 44
4158 53 26
4159 70 60
4160 34 5
4161 81 18
4162 5 63
4163 61 32
4164 20 54
4165 19 31
4166 5 21
4167 11 46
4168 82 60
4169 26 55
4170 16 29
4171 87 17
4172 41 85
4173 23 30
4174 35 77
4175 16 24
4176 54 23
4177 90 17
4178 82 89
4179 33 71
4180 55 80
4181 89 37
4182 65 17
4183 54 32
4184 53 37
4185 2 7
4186 70 56
4187 63 2
4188 31 26
4189 88 48
4190 73 71
4191 28 38
4192 36 4
4193 58 52
4194 40 43
4195 23 65
4196 20 34
4197 12 40
4198 24 58
4199 31 8
4200 11 47
4201 11 57
4202 58 9
4203 48 7
4204 69 10
4205 38 69
4206 12 40
4207 72 1
4208 46 73
4209 28 11
4210 27 79
4211 54 37
4212 37 53
4213 54 1
4214 7 12
4215 19 9
4216 42 41
4217 4 7
4218 53 89
4219 87 85
4220 38 33
4221 30 27
4222 82 16
4223 77 86
4224 21 70
4225 39 49
4226 47 19
4227 18 82
4228 60 72
4229 59 54
4230 33 52
4231 62 56
4232 28 88
4233 73 13
4234 14 77
4235 51 46
4236 10 45
4237 78 81
4238 68 89
4239 71 86
4240 58 60
4241 76 79
4242 27 59
4243 79 52
4244 6 26
4245 49 33
4246 4 33
4247 41 72
4248 48 83
4249 49 19
4250 22 46
4251 90 73
4252 20 85
4253 76 55
4254 77 64
4255 1 84
4256 75 70
4257 11 50
4258 67 0
4259 62 43
4260 34 21
4261 29 81
4262 59 11
4263 88 43
4264 50 88
4265 56 48
4266 50 12
4267 27 55
4268 61 54
4269 28 30
4270 55 1
4271 55 25
4272 14 77
4273 29 75
4274 32 32
4275 84 9
4276 24 84
4277 49 38
4278 54 28
4279 53 21
4280 42 88
4281 77 43
4282 87 10
4283 73 46
4284 66 74
4285 8 36
4286 52 15
4287 74 67
4288 58 55
4289 40 23
4290 66 54
4291 11 1
4292 82 57
4293 46 87
4294 17 31
4295 66 0
4296 52 90
4297 87 39
4298 35 43
4299 51 53
4300 3 8
4301 11 51
4302 29 50
4303 39 82
4304 23 35
4305 26 63
4306 66 48
4307 88 42
4308 76 22
4309 8 28
4310 9 2
4311 89 76
4312 45 61
4313 49 70
4314 14 36
4315 38 70
4316 70 19
4317 13 69
4318 23 75
4319 75 13
4320 54 57
4321 59 50
4322 58 36
4323 2 86
4324 69 4
4325 69 7
4326 36 22
4327 12 77
4328 52 23
4329 33 39
4330 59 45
4331 58 82
4332 78 77
4333 9 13
4334 48 90
4335 61 25
4336 54 8
4337 24 39
4338 32 9
4339 45 62
4340 2 27
4341 82 10
4342 29 47
4343 75 10
4344 77 14
4345 31 6
4346 5 66
4347 14 30
4348 88 16
4349 81 74
4350 80 71
4351 55 59
4352 53 86
4353 69 32
4354 37 4
4355 76 19
4356 54 82
4357 79 26
4358 15 78
4359 38 5
4360 47 87
4361 12 54
4362 45 29
4363 5 71
4364 79 77
4365 72 53
4366 30 12
4367 82 81
4368 84 55
4369 14 21
4370 65 19
4371 26 69
4372 83 24
4373 30 71
4374 28 35
4375 76 86
4376 0 81
4377 84 28
4378 12 19
4379 80 69
4380 52 66
4381 2 43
4382 58 45
4383 55 40
4384 90 25
4385 77 25
4386 52 28
4387 56 88
4388 19 17
4389 0 30
4390 14 65
4391 50 68
4392 75 79
4393 31 8
4394 53 90
4395 86 85
4396 41 55
4397 41 79
4398 86 57
4399 77 73
4400 41 37
4401 3 5
4402 65 48
4403 9 67
4404 89 4
4405 35 81
4406 81 12
4407 33 57
4408 84 29
4409 11 15
4410 2 27
4411 75 45
4412 28 52
4413 58 43
4414 35 69
4415 34 80
4416 1 31
4417 71 69
4418 88 31
4419 20 37
4420 40 56
4421 7 34
4422 84 55
4423 90 59
4424 56 20
4425 1 65
4426 40 23
4427 2 10
4428 82 70
4429 67 36
4430 76 38
4431 26 39
4432 55 73
4433 4 45
4434 56 76
4435 70 15
4436 71 42
4437 69 46
4438 24 16
4439 4 77
4440 58 62
4441 54 43
4442 30 84
4443 79 51
4444 9 84
4445 52 71
4446 34 57
4447 52 86
4448 25 75
4449 60 28
4450 66 51
4451 61 31
4452 1 35
4453 70 24
4454 33 52
4455 61 10
4456 28 54
4457 64 80
4458 24 67
4459 10 14
4460 61 53
4461 18 9
4462 68 6
4463 65 19
4464 35 32
4465 24 30
4466 8 17
4467 42 81
4468 14 74
4469 76 39
4470 63 24
4471 70 65
4472 90 65
4473 37 54
4474 9 67
4475 73 64
4476 52 43
4477 42 31
4478 23 38
4479 46 30
4480 88 83
4481 44 56
4482 79 57
4483 0 31
4484 16 63
4485 5 62
4486 43 8
4487 59 75
4488 41 70
4489 6 39
4490 66 48
4491 84 53
4492 9 20
4493 73 4
4494 13 66
4495 6 38
4496 40 35
4497 80 8
4498 4 68
4499 16 8
4500 87 42
4501 10 3
4502 4 35
4503 66 56
4504 56 51
4505 6 33
4506 80 61
4507 30 89
4508 86 48
4509 40 85
4510 40 32
4511 16 29
4512 40 47
4513 31 80
4514 80 88
4515 39 73
4516 61 67
4517 74 29
4518 25 51
4519 47 68
4520 62 1
4521 23 88
4522 13 13
4523 9 56
4524 12 25
4525 13 44
4526 8 74
4527 84 35
4528 32 70
4529 48 89
4530 87 32
4531 14 22
4532 41 73
4533 65 65
4534 68 6
4535 35 15
4536 48 71
4537 51 47
4538 61 90
4539 73 49
4540 39 58
4541 12 62
4542 54 64
4543 31 30
4544 67 30
4545 3 62
4546 14 15
4547 89 53
4548 26 40
4549 75 66
4550 8 55
4551 82 65
4552 55 55
4553 76 26
4554 32 15
4555 74 48
4556 67 26
4557 89 68
4558 82 87
4559 82 7
4560 35 70
4561 67 14
4562 28 88
4563 4 19
4564 18 81
4565 17 12
4566 16 5
4567 42 78
4568 67 88
4569 52 15
4570 23 83
4571 81 76
4572 21 87
4573 71 19
4574 37 18
4575 72 79
4576 9 49
4577 88 21
4578 54 9
4579 86 64
4580 49 54
4581 52 30
4582 2 50
4583 41 79
4584 17 78
4585 61 5
4586 5 74
4587 80 22
4588 59 17
4589 60 2
4590 73 13
4591 44 62
4592 73 35
4593 65 7
4594 38 62
4595 42 37
4596 16 23
4597 60 68
4598 5 74
4599 16 57
4600 42 39
4601 84 75
4602 82 64
4603 80 82
4604 3 55
4605 49 65
4606 58 35
4607 4 16
4608 41 25
4609 49 66
4610 9 66
4611 27 73
4612 6 4
4613 8 42
4614 88 81
4615 28 7
4616 86 45
4617 10 1
4618 24 49
4619 86 71
4620 37 15
4621 36 57
4622 13 49
4623 25 58
4624 49 6
4625 44 65
4626 75 71
4627 41 85
4628 18 5
4629 16 68
4630 63 35
4631 9 53
4632 5 85
4633 18 6
4634 88 77
4635 88 20
4636 59 33
4637 80 61
4638 15 35
4639 77 59
4640 67 67
4641 7 14
4642 77 26
4643 17 84
4644 8 32
4645 51 9
4646 48 79
4647 79 45
4648 49 63
4649 58 28
4650 53 32
4651 3 9
4652 55 36
4653 33 66
4654 21 58
4655 68 18
4656 68 56
4657 41 25
4658 9 56
4659 15 74
4660 10 85
4661 83 18
4662 65 76
4663 2 45
4664 78 67
4665 32 16
4666 25 32
4667 6 38
4668 45 39
4669 19 37
4670 71 45
4671 69 24
4672 37 24
4673 47 4
4674 64 83
4675 10 9
4676 24 80
4677 37 29
4678 46 78
4679 7 33
4680 0 66
4681 23 64
4682 28 5
4683 54 49
4684 72 27
4685 66 77
4686 49 84
4687 55 14
4688 24 22
4689 79 18
4690 85 71
4691 67 24
4692 75 7
4693 53 76
4694 44 29
4695 23 18
4696 48 17
4697 80 0
4698 35 29
4699 16 33
4700 85 32
4701 81 76
4702 64 70
4703 89 76
4704 20 76
4705 48 63
4706 51 25
4707 60 1
4708 90 45
4709 26 90
4710 38 57
4711 32 7
4712 27 69
4713 60 86
4714 14 24
4715 42 47
4716 16 6
4717 65 33
4718 54 6
4719 81 18
4720 24 44
4721 49 22
4722 59 14
4723 53 10
4724 64 81
4725 84 8
4726 44 49
4727 5 69
4728 29 19
4729 24 67
4730 34 66
4731 88 29
4732 43 60
4733 80 53
4734 30 5
4735 51 52
4736 47 4
4737 46 56
4738 11 88
4739 55 1
4740 90 89
4741 79 39
4742 6 8
4743 64 39
4744 24 74
4745 8 39
4746 60 39
4747 15 51
4748 71 28
4749 55 78
4750 4 35
4751 77 78
4752 19 29
4753 90 48
4754 30 69
4755 1 89
4756 20 62
4757 23 54
4758 23 32
4759 48 3
4760 78 13
4761 4 22
4762 8 42
4763 1 41
4764 29 25
4765 29 16
4766 47 13
4767 72 54
4768 40 26
4769 23 69
4770 47 75
4771 65 58
4772 51 6
4773 86 83
4774 77 30
4775 20 12
4776 51 71
4777 71 50
4778 20 14
4779 35 51
4780 5 50
4781 61 52
4782 44 52
4783 69 17
4784 46 13
4785 52 7
4786 68 48
4787 66 76
4788 40 21
4789 89 51
4790 78 82
4791 57 49
4792 72 78
4793 32 55
4794 20 22
4795 61 54
4796 41 23
4797 22 69
4798 40 81
4799 61 30
4800 0 47
4801 48 35
4802 24 62
4803 67 87
4804 36 79
4805 90 69
4806 15 39
4807 24 77
4808 46 54
4809 29 48
4810 58 40
4811 16 30
4812 41 75
4813 2 66
4814 55 28
4815 39 69
4816 35 78
4817 44 56
4818 42 13
4819 76 48
4820 50 35
4821 74 24
4822 5 13
4823 83 44
4824 74 35
4825 14 32
4826 69 11
4827 87 71
4828 12 89
4829 79 7
4830 8 23
4831 87 12
4832 0 41
4833 20 69
4834 33 32
4835 74 51
4836 34 14
4837 85 38
4838 41 79
4839 62 83
4840 65 90
4841 67 71
4842 32 34
4843 85 83
4844 24 80
4845 33 68
4846 13 58
4847 34 35
4848 14 49
4849 25 78
4850 28 72
4851 42 78
4852 40 8
4853 18 19
4854 54 39
4855 87 0
4856 44 37
4857 7 74
4858 52 51
4859 74 46
4860 18 58
4861 13 51
4862 4 59
4863 2 2
4864 4 31
4865 3 80
4866 21 75
4867 11 58
4868 89 27
4869 56 6
4870 26 13
4871 2 64
4872 42 86
4873 49 90
4874 1 12
4875 86 70
4876 86 74
4877 1 10
4878 42 3
4879 8 81
4880 53 15
4881 61 59
4882 29 89
4883 32 52
4884 77 76
4885 88 41
4886 35 28
4887 43 1
4888 60 33
4889 66 78
4890 6 56
4891 50 64
4892 85 5
4893 59 81
4894 64 21
4895 24 53
4896 78 81
4897 30 63
4898 43 68
4899 41 33
4900 64 34
4901 14 27
4902 84 2
4903 70 71
4904 48 73
4905 28 7
4906 54 49
4907 13 19
4908 1 18
4909 61 26
4910 22 4
4911 27 58
4912 5 77
4913 72 89
4914 76 65
4915 80 81
4916 44 24
4917 73 78
4918 88 15
4919 27 0
4920 40 36
4921 66 77
4922 72 89
4923 68 88
4924 62 68
4925 5 64
4926 65 56
4927 13 6
4928 67 64
4929 56 68
4930 77 41
4931 40 31
4932 66 25
4933 35 0
4934 0 64
4935 80 3
4936 71 31
4937 40 85
4938 21 22
4939 77 78
4940 17 81
4941 31 62
4942 39 89
4943 80 19
4944 57 60
4945 59 22
4946 58 5
4947 58 37
4948 41 36
4949 20 30
4950 50 42
4951 82 87
4952 64 51
4953 50 22
4954 79 71
4955 64 7
4956 42 71
4957 7 48
4958 3 40
4959 33 34
4960 35 23
4961 79 62
4962 67 78
4963 28 54
4964 87 11
4965 33 8
4966 17 13
4967 46 80
4968 80 26
4969 17 49
4970 23 87
4971 67 0
4972 18 69
4973 71 29
4974 18 7
4975 82 72
4976 76 63
4977 50 4
4978 1 35
4979 47 25
4980 18 41
4981 68 9
4982 79 20
4983 38 57
4984 81 6
4985 89 65
4986 12 63
4987 32 50
4988 70 66
4989 22 12
4990 84 2
4991 71 20
4992 47 4
4993 42 14
4994 20 20
4995 19 49
4996 73 60
4997 39 62
4998 83 9
4999 43 54
5000 25 90
