1 15 16
2 12 29
3 33 52
4 90 37
5 33 81
6 21 27
7 26 17
8 36 65
9 5 67
10 40 87
11 87 14
12 39 68
13 6 70
14 24 25
15 53 32
16 76 3
17 33 12
18 56 40
19 52 19
20 52 25
21 71 0
22 31 85
23 32 28
24 19 27
25 1 66
26 20 41
27 85 6
28 87 0
29 66 83
30 48 88
31 18 68
32 88 3
33 27 79
34 24 7
35 58 4
36 42 47
37 51 57
38 24 11
39 69 25
40 83 19
41 62 54
42 64 18
43 35 41
44 86 81
45 51 68
46 67 10
47 86 30
48 74 73
49 8 56
50 25 5
51 80 23
52 17 67
53 73 40
54 53 63
55 36 89
56 78 3
57 71 14
58 44 52
59 55 57
60 80 84
61 50 75
62 69 83
63 70 74
64 44 78
65 37 80
66 70 78
67 56 80
68 55 50
69 1 38
70 89 51
71 50 75
72 21 62
73 8 2
74 32 71
75 13 2
76 6 87
77 1 22
78 7 38
79 37 77
80 13 48
81 67 24
82 48 47
83 28 59
84 56 57
85 68 74
86 62 57
87 79 62
88 86 74
89 86 52
90 85 83
91 12 60
92 0 40
93 71 90
94 57 10
95 11 17
96 47 41
97 61 44
98 36 16
99 22 79
100 53 3
101 71 39
102 44 0
103 76 73
104 90 53
105 51 46
106 84 37
107 62 57
108 51 37
109 63 24
110 82 69
111 67 63
112 41 28
113 57 34
114 18 71
115 36 89
116 10 69
117 75 60
118 59 47
119 15 22
120 16 87
121 49 21
122 14 10
123 69 56
124 84 87
125 19 83
126 80 7
127 83 25
128 47 77
129 45 83
130 69 49
131 66 30
132 86 42
133 8 40
134 4 22
135 40 4
136 41 27
137 1 25
138 43 77
139 12 11
140 55 73
141 26 63
142 88 24
143 77 65
144 4 79
145 48 87
146 53 23
147 4 31
148 23 17
149 79 3
150 24 12
151 28 68
152 34 5
153 64 58
154 2 32
155 77 89
156 31 50
157 78 68
158 43 65
159 23 21
160 81 51
161 61 32
162 7 77
163 32 24
164 20 42
165 83 49
166 74 26
167 21 46
168 79 36
169 31 38
170 21 42
171 19 55
172 56 11
173 90 61
174 1 77
175 77 63
176 30 57
177 87 33
178 84 63
179 51 12
180 19 73
181 9 49
182 87 64
183 89 30
184 40 70
185 16 47
186 3 10
187 36 63
188 66 38
189 48 76
190 73 42
191 88 84
192 77 81
193 42 22
194 67 84
195 83 64
196 52 49
197 68 12
198 54 82
199 90 31
200 29 79
201 26 2
202 84 73
203 30 35
204 57 34
205 59 61
206 73 31
207 19 7
208 12 36
209 67 5
210 77 50
211 2 14
212 71 23
213 34 23
214 68 78
215 30 0
216 73 36
217 30 51
218 75 80
219 21 63
220 73 60
221 22 25
222 87 24
223 77 82
224 34 20
225 24 2
226 76 29
227 89 78
228 68 83
229 60 6
230 19 77
231 21 7
232 54 16
233 56 56
234 50 83
235 6 42
236 52 51
237 71 76
238 73 58
239 59 87
240 43 77
241 0 70
242 53 7
243 43 81
244 81 90
245 80 11
246 9 74
247 27 70
248 1 71
249 3 22
250 35 75
251 21 15
252 7 57
253 79 14
254 86 43
255 8 56
256 88 22
257 65 17
258 75 6
259 31 77
260 69 75
261 43 25
262 12 46
263 62 24
264 69 45
265 19 18
266 31 39
267 42 79
268 31 32
269 41 5
270 68 74
271 16 8
272 51 19
273 13 19
274 61 70
275 33 23
276 56 87
277 31 73
278 18 52
279 74 57
280 23 19
281 33 58
282 5 50
283 70 26
284 22 51
285 75 71
286 83 25
287 2 75
288 52 73
289 2 79
290 16 64
291 44 68
292 5 7
293 60 66
294 6 28
295 57 45
296 41 18
297 84 32
298 60 72
299 69 82
300 2 69
301 40 82
302 14 52
303 77 74
304 28 33
305 78 69
306 30 41
307 64 82
308 22 1
309 18 85
310 64 59
311 82 73
312 14 7
313 72 20
314 35 68
315 32 87
316 26 84
317 18 66
318 6 55
319 87 32
320 71 25
321 0 5
322 38 13
323 27 5
324 69 65
325 63 69
326 7 75
327 1 60
328 68 60
329 59 7
330 27 65
331 88 4
332 87 48
333 28 42
334 39 35
335 21 0
336 69 52
337 35 11
338 84 68
339 3 72
340 43 6
341 85 10
342 71 23
343 66 26
344 18 31
345 50 54
346 6 73
347 18 90
348 52 38
349 80 90
350 67 24
351 31 58
352 7 64
353 75 89
354 42 21
355 23 0
356 55 50
357 85 1
358 19 69
359 65 32
360 6 70
361 73 40
362 11 68
363 18 46
364 1 84
365 36 66
366 78 44
367 29 14
368 10 59
369 85 78
370 39 68
371 56 53
372 4 12
373 7 52
374 74 47
375 65 90
376 83 17
377 74 10
378 76 19
379 17 71
380 80 19
381 35 18
382 58 54
383 61 70
384 84 53
385 27 69
386 52 80
387 27 18
388 82 63
389 65 16
390 38 40
391 90 66
392 52 23
393 75 54
394 22 52
395 33 57
396 29 84
397 68 86
398 18 32
399 67 44
400 71 49
401 25 50
402 22 40
403 57 67
404 54 27
405 6 18
406 38 3
407 81 6
408 40 59
409 69 17
410 29 65
411 89 43
412 53 83
413 11 34
414 45 74
415 36 40
416 59 24
417 10 89
418 9 32
419 2 58
420 3 61
421 9 55
422 22 34
423 69 71
424 2 44
425 47 72
426 8 88
427 46 41
428 78 69
429 77 28
430 31 52
431 68 49
432 62 69
433 66 47
434 29 61
435 14 64
436 58 38
437 22 33
438 60 85
439 5 35
440 79 62
441 54 9
442 33 62
443 8 46
444 74 88
445 82 45
446 22 90
447 53 31
448 56 45
449 89 41
450 84 59
451 67 4
452 24 61
453 84 55
454 8 51
455 77 58
456 39 12
457 47 82
458 53 9
459 39 20
460 0 70
461 33 66
462 72 76
463 30 88
464 37 3
465 78 66
466 59 67
467 10 82
468 83 6
469 31 18
470 45 60
471 83 22
472 88 48
473 26 32
474 6 8
475 41 40
476 67 52
477 31 16
478 88 64
479 71 76
480 25 54
481 57 21
482 6 68
483 47 83
484 49 87
485 50 9
486 40 82
487 35 25
488 67 29
489 67 78
490 79 83
491 36 60
492 62 88
493 55 65
494 22 58
495 10 44
496 60 46
497 77 30
498 27 81
499 11 34
500 0 8
501 36 86
502 6 16
503 78 59
504 7 43
505 74 6
506 51 75
507 16 31
508 67 6
509 38 23
510 46 22
511 6 68
512 63 78
513 12 51
514 66 27
515 63 35
516 74 43
517 4 21
518 88 74
519 37 21
520 7 34
521 30 66
522 86 33
523 76 80
524 43 70
525 64 34
526 76 79
527 42 2
528 88 42
529 37 48
530 75 19
531 57 47
532 56 42
533 83 3
534 80 88
535 42 47
536 21 82
537 0 43
538 85 76
539 0 1
540 24 22
541 68 51
542 1 44
543 36 25
544 4 42
545 51 76
546 8 38
547 17 76
548 81 90
549 85 12
550 53 17
551 61 49
552 87 72
553 79 73
554 48 1
555 69 15
556 12 26
557 61 68
558 42 78
559 64 3
560 78 21
561 7 65
562 25 28
563 12 29
564 68 69
565 6 67
566 71 30
567 21 54
568 44 79
569 39 35
570 81 79
571 27 27
572 67 6
573 45 33
574 65 50
575 62 21
576 27 5
577 33 83
578 41 34
579 3 25
580 12 11
581 52 52
582 17 89
583 6 76
584 26 32
585 1 13
586 34 32
587 61 75
588 44 18
589 2 74
590 38 87
591 64 33
592 86 58
593 50 36
594 8 80
595 70 74
596 30 23
597 50 77
598 18 77
599 17 9
600 66 61
601 15 11
602 88 73
603 29 68
604 90 83
605 82 81
606 14 18
607 42 89
608 64 20
609 54 20
610 51 34
611 19 35
612 8 71
613 11 63
614 16 50
615 89 31
616 57 32
617 88 54
618 44 36
619 86 1
620 3 88
621 62 11
622 39 39
623 60 1
624 25 0
625 43 10
626 41 60
627 48 90
628 42 85
629 22 17
630 17 73
631 25 35
632 22 81
633 32 15
634 5 20
635 75 47
636 5 20
637 44 13
638 57 89
639 6 27
640 36 60
641 54 48
642 55 85
643 67 44
644 80 40
645 8 85
646 39 52
647 59 11
648 8 3
649 33 12
650 74 38
651 70 28
652 40 64
653 74 67
654 72 84
655 10 36
656 77 12
657 50 55
658 80 40
659 67 86
660 47 61
661 41 66
662 86 29
663 57 47
664 41 63
665 21 51
666 60 69
667 56 22
668 80 17
669 90 49
670 24 60
671 7 90
672 67 60
673 60 79
674 78 25
675 12 46
676 0 45
677 35 11
678 10 60
679 20 32
680 8 76
681 66 5
682 54 28
683 3 65
684 9 38
685 20 56
686 60 75
687 75 38
688 85 39
689 36 79
690 65 3
691 64 84
692 6 61
693 79 88
694 31 0
695 28 15
696 57 89
697 52 48
698 51 43
699 59 7
700 64 12
701 69 69
702 15 76
703 89 48
704 32 65
705 12 75
706 63 63
707 42 2
708 7 5
709 59 62
710 19 31
711 12 5
712 83 57
713 41 69
714 65 34
715 34 38
716 5 42
717 79 85
718 41 79
719 53 14
720 82 76
721 14 67
722 61 5
723 23 77
724 10 83
725 89 6
726 69 5
727 56 80
728 0 38
729 42 32
730 61 79
731 47 58
732 10 29
733 46 48
734 89 67
735 36 24
736 59 68
737 73 37
738 21 43
739 31 1
740 16 28
741 8 67
742 73 44
743 86 84
744 32 35
745 25 65
746 8 14
747 51 1
748 30 45
749 82 77
750 73 29
751 66 76
752 59 27
753 52 25
754 74 20
755 87 15
756 46 86
757 77 64
758 35 86
759 88 76
760 20 82
761 51 71
762 89 39
763 66 56
764 8 7
765 56 75
766 17 33
767 59 88
768 45 8
769 39 52
770 9 48
771 26 39
772 82 37
773 25 61
774 83 14
775 27 83
776 62 50
777 17 61
778 78 44
779 5 12
780 59 61
781 37 7
782 15 40
783 22 9
784 25 70
785 37 50
786 37 20
787 25 53
788 80 48
789 24 62
790 30 9
791 21 13
792 37 52
793 15 68
794 26 84
795 21 55
796 32 56
797 84 65
798 87 29
799 29 1
800 11 75
801 87 67
802 83 76
803 15 22
804 67 32
805 47 85
806 18 5
807 69 15
808 79 46
809 2 70
810 77 45
811 54 31
812 30 32
813 14 36
814 75 29
815 12 48
816 48 66
817 63 22
818 48 5
819 62 83
820 61 13
821 78 23
822 23 30
823 33 22
824 75 70
825 85 37
826 21 78
827 41 74
828 8 12
829 4 24
830 54 61
831 10 1
832 37 66
833 3 4
834 31 7
835 41 8
836 2 75
837 40 88
838 22 53
839 69 42
840 79 15
841 76 76
842 90 3
843 60 26
844 47 18
845 78 34
846 30 14
847 10 26
848 7 82
849 19 5
850 88 43
851 43 88
852 70 16
853 10 25
854 88 51
855 35 89
856 22 21
857 9 78
858 27 87
859 64 22
860 80 40
861 74 62
862 48 51
863 19 13
864 16 19
865 90 65
866 34 62
867 30 74
868 22 5
869 45 74
870 39 18
871 10 1
872 0 20
873 14 17
874 13 15
875 38 63
876 49 83
877 84 22
878 77 77
879 48 56
880 73 89
881 42 1
882 37 69
883 5 41
884 17 60
885 12 89
886 83 48
887 12 35
888 29 57
889 33 20
890 5 88
891 29 77
892 4 73
893 84 56
894 71 29
895 43 78
896 35 77
897 55 90
898 38 84
899 44 29
900 83 54
901 8 4
902 7 21
903 12 62
904 57 72
905 81 20
906 75 29
907 32 55
908 80 38
909 72 74
910 16 49
911 18 10
912 20 77
913 63 38
914 20 73
915 43 74
916 19 76
917 6 89
918 6 19
919 37 79
920 52 8
921 24 84
922 49 5
923 68 32
924 7 39
925 52 43
926 5 38
927 3 75
928 86 72
929 47 15
930 80 47
931 8 54
932 7 85
933 40 9
934 88 11
935 38 0
936 12 84
937 59 60
938 80 9
939 73 8
940 84 65
941 41 43
942 9 53
943 11 42
944 81 32
945 7 8
946 51 11
947 63 23
948 25 75
949 9 59
950 55 66
951 4 70
952 33 29
953 57 3
954 50 59
955 53 70
956 80 87
957 7 11
958 24 3
959 67 19
960 27 61
961 6 72
962 59 49
963 29 39
964 54 23
965 81 66
966 45 80
967 1 77
968 83 71
969 63 8
970 23 27
971 82 35
972 52 23
973 21 12
974 86 54
975 84 62
976 85 66
977 24 42
978 42 54
979 75 51
980 86 30
981 72 10
982 62 31
983 16 27
984 74 69
985 29 44
986 34 52
987 61 43
988 56 62
989 62 0
990 88 60
991 52 69
992 0 30
993 23 9
994 11 47
995 78 55
996 15 74
997 8 27
998 56 37
999 70 15
1000 82 7
1001 77 35
1002 16 75
1003 80 79
1004 38 84
1005 52 69
1006 3 5
1007 2 79
1008 13 7
1009 4 45
1010 84 24
1011 47 21
1012 8 65
1013 37 29
1014 36 65
1015 23 76
1016 18 17
1017 57 80
1018 50 42
1019 16 61
1020 80 26
1021 61 36
1022 80 56
1023 89 67
1024 89 58
1025 63 32
1026 69 71
1027 63 56
1028 82 87
1029 86 4
1030 83 59
1031 36 51
1032 72 25
1033 40 31
1034 67 21
1035 30 0
1036 53 86
1037 71 70
1038 57 47
1039 64 16
1040 58 61
1041 80 20
1042 55 36
1043 26 60
1044 30 53
1045 5 57
1046 46 55
1047 20 22
1048 37 17
1049 31 39
1050 4 85
1051 27 78
1052 60 17
1053 37 41
1054 76 58
1055 80 40
1056 7 40
1057 21 30
1058 34 9
1059 60 70
1060 36 52
1061 51 59
1062 54 35
1063 90 1
1064 75 38
1065 81 80
1066 90 47
1067 61 41
1068 74 52
1069 31 58
1070 44 70
1071 38 80
1072 74 40
1073 52 27
1074 52 82
1075 30 67
1076 28 41
1077 30 37
1078 59 29
1079 88 25
1080 50 76
1081 32 51
1082 87 57
1083 9 26
1084 81 42
1085 65 60
1086 66 11
1087 74 24
1088 85 87
1089 26 76
1090 65 69
1091 26 87
1092 20 25
1093 72 54
1094 71 48
1095 70 82
1096 1 68
1097 21 90
1098 8 90
1099 6 7
1100 44 39
1101 78 67
1102 31 30
1103 20 21
1104 76 31
1105 56 11
1106 4 44
1107 29 11
1108 26 18
1109 67 88
1110 4 78
1111 64 58
1112 61 22
1113 86 85
1114 56 82
1115 78 39
1116 57 18
1117 76 39
1118 22 87
1119 49 32
1120 77 34
1121 51 31
1122 65 67
1123 21 63
1124 52 48
1125 41 47
1126 25 33
1127 68 2
1128 76 80
1129 44 47
1130 1 43
1131 77 64
1132 26 63
1133 46 75
1134 61 69
1135 44 15
1136 13 34
1137 60 12
1138 77 58
1139 37 9
1140 34 23
1141 51 30
1142 84 29
1143 36 12
1144 89 20
1145 73 50
1146 10 4
1147 6 60
1148 80 49
1149 44 60
1150 12 12
1151 62 89
1152 4 45
1153 18 13
1154 36 42
1155 45 27
1156 86 75
1157 82 65
1158 60 79
1159 80 33
1160 57 21
1161 64 10
1162 71 36
1163 60 17
1164 46 7
1165 1 28
1166 33 36
1167 1 51
1168 65 16
1169 25 18
1170 2 80
1171 11 64
1172 59 2
1173 12 29
1174 41 65
1175 21 30
1176 62 68
1177 86 15
1178 38 58
1179 8 89
1180 61 32
1181 86 67
1182 48 60
1183 68 46
1184 25 29
1185 46 64
1186 72 32
1187 47 3
1188 7 26
1189 46 29
1190 33 17
1191 82 58
1192 47 51
1193 65 29
1194 37 45
1195 5 34
1196 75 78
1197 65 70
1198 30 63
1199 73 63
1200 15 8
1201 33 68
1202 41 14
1203 58 44
1204 10 46
1205 56 10
1206 1 33
1207 38 84
1208 37 51
1209 26 19
1210 67 38
1211 2 77
1212 1 80
1213 3 19
1214 76 23
1215 55 40
1216 40 22
1217 17 20
1218 38 4
1219 56 43
1220 52 35
1221 10 81
1222 39 16
1223 54 89
1224 2 59
1225 11 88
1226 54 69
1227 43 66
1228 82 64
1229 23 28
1230 61 13
1231 19 90
1232 22 41
1233 41 71
1234 64 86
1235 30 15
1236 89 77
1237 84 42
1238 79 42
1239 14 43
1240 48 64
1241 5 90
1242 37 44
1243 71 28
1244 69 39
1245 1 54
1246 39 48
1247 61 36
1248 78 39
1249 55 59
1250 59 83
1251 2 46
1252 76 23
1253 38 10
1254 53 66
1255 58 6
1256 15 68
1257 45 72
1258 21 42
1259 54 84
1260 12 40
1261 66 68
1262 28 21
1263 55 30
1264 87 36
1265 29 32
1266 60 45
1267 90 34
1268 27 63
1269 46 48
1270 87 70
1271 19 31
1272 67 78
1273 11 85
1274 18 72
1275 66 28
1276 16 84
1277 26 82
1278 14 65
1279 17 65
1280 73 74
1281 63 65
1282 13 32
1283 3 8
1284 86 10
1285 35 46
1286 71 51
1287 54 5
1288 62 10
1289 29 54
1290 71 56
1291 58 23
1292 83 4
1293 2 80
1294 9 89
1295 74 40
1296 40 68
1297 63 9
1298 8 40
1299 73 65
1300 88 70
1301 8 9
1302 65 50
1303 57 26
1304 65 64
1305 74 43
1306 43 63
1307 63 83
1308 42 1
1309 78 22
1310 46 87
1311 52 9
1312 34 16
1313 58 90
1314 26 78
1315 61 22
1316 60 49
1317 27 34
1318 70 65
1319 70 58
1320 82 39
1321 70 74
1322 15 44
1323 81 58
1324 63 45
1325 63 20
1326 88 9
1327 45 85
1328 33 63
1329 31 43
1330 40 25
1331 12 15
1332 63 47
1333 30 62
1334 27 33
1335 69 47
1336 84 56
1337 84 2
1338 76 9
1339 82 87
1340 13 24
1341 39 36
1342 43 66
1343 2 6
1344 23 75
1345 89 3
1346 61 79
1347 52 5
1348 65 71
1349 11 67
1350 90 80
1351 4 65
1352 31 50
1353 61 82
1354 72 46
1355 85 49
1356 54 30
1357 41 58
1358 7 87
1359 43 21
1360 41 30
1361 34 21
1362 79 63
1363 54 43
1364 82 81
1365 9 81
1366 11 68
1367 47 61
1368 78 39
1369 10 42
1370 46 59
1371 54 26
1372 39 4
1373 74 2
1374 53 41
1375 66 79
1376 75 57
1377 10 52
1378 7 90
1379 32 60
1380 48 32
1381 55 35
1382 6 86
1383 44 87
1384 4 29
1385 25 14
1386 47 15
1387 46 23
1388 40 4
1389 84 40
1390 51 71
1391 34 18
1392 78 83
1393 75 74
1394 63 24
1395 29 69
1396 72 58
1397 32 62
1398 5 2
1399 77 34
1400 88 3
1401 1 80
1402 33 64
1403 84 56
1404 40 10
1405 66 9
1406 35 86
1407 73 24
1408 2 69
1409 17 80
1410 12 9
1411 35 32
1412 22 10
1413 80 79
1414 19 5
1415 37 72
1416 71 0
1417 65 89
1418 2 5
1419 72 77
1420 21 62
1421 37 70
1422 17 23
1423 17 30
1424 51 52
1425 16 16
1426 43 22
1427 1 72
1428 66 26
1429 17 70
1430 52 65
1431 57 27
1432 37 66
1433 77 12
1434 20 39
1435 31 48
1436 82 46
1437 24 31
1438 62 36
1439 46 0
1440 39 49
1441 36 54
1442 78 70
1443 33 56
1444 29 47
1445 75 81
1446 89 35
1447 23 64
1448 88 58
1449 5 29
1450 85 65
1451 67 5
1452 0 18
1453 85 87
1454 23 0
1455 48 50
1456 69 25
1457 11 27
1458 51 75
1459 3 25
1460 2 79
1461 67 12
1462 70 37
1463 34 37
1464 10 54
1465 13 69
1466 58 80
1467 56 70
1468 82 70
1469 19 50
1470 77 50
1471 2 9
1472 61 42
1473 55 38
1474 11 61
1475 17 54
1476 88 52
1477 85 33
1478 32 42
1479 83 34
1480 54 24
1481 8 67
1482 11 37
1483 68 12
1484 71 54
1485 81 38
1486 86 79
1487 1 85
1488 80 0
1489 62 71
1490 55 35
1491 55 34
1492 90 27
1493 54 83
1494 1 22
1495 81 52
1496 80 36
1497 57 55
1498 46 30
1499 0 10
1500 37 0
1501 72 70
1502 43 16
1503 18 12
1504 53 31
1505 29 61
1506 73 87
1507 46 29
1508 80 38
1509 41 77
1510 7 69
1511 74 19
1512 23 90
1513 41 61
1514 38 70
1515 65 13
1516 65 83
1517 14 18
1518 70 72
1519 76 60
1520 3 39
1521 47 8
1522 68 82
1523 42 43
1524 69 44
1525 86 58
1526 49 58
1527 71 52
1528 1 76
1529 75 22
1530 12 39
1531 36 34
1532 71 85
1533 37 15
1534 47 54
1535 0 18
1536 73 76
1537 83 74
1538 22 41
1539 61 52
1540 60 70
1541 51 89
1542 55 65
1543 60 5
1544 55 76
1545 83 8
1546 28 11
1547 1 22
1548 31 22
1549 88 64
1550 54 27
1551 14 79
1552 41 75
1553 66 16
1554 33 39
1555 32 11
1556 76 86
1557 46 12
1558 67 51
1559 79 21
1560 2 63
1561 62 54
1562 73 72
1563 62 11
1564 86 23
1565 89 79
1566 26 81
1567 45 16
1568 4 74
1569 63 80
1570 89 51
1571 14 28
1572 20 53
1573 48 37
1574 39 50
1575 42 69
1576 39 19
1577 35 1
1578 7 76
1579 87 81
1580 11 15
1581 12 41
1582 33 81
1583 76 24
1584 32 23
1585 14 30
1586 32 37
1587 18 77
1588 51 40
1589 33 67
1590 50 18
1591 87 79
1592 13 65
1593 81 34
1594 80 17
1595 51 29
1596 27 28
1597 6 33
1598 55 27
1599 8 32
1600 48 72
1601 67 84
1602 67 35
1603 18 29
1604 10 70
1605 69 65
1606 55 56
1607 16 42
1608 26 47
1609 68 82
1610 29 68
1611 34 59
1612 67 55
1613 51 18
1614 50 3
1615 13 28
1616 84 59
1617 88 82
1618 63 70
1619 58 29
1620 74 29
1621 23 26
1622 39 84
1623 20 26
1624 72 7
1625 61 58
1626 12 60
1627 10 67
1628 72 41
1629 32 28
1630 67 26
1631 48 8
1632 5 4
1633 4 65
1634 62 88
1635 70 1
1636 56 84
1637 53 87
1638 10 86
1639 15 45
1640 88 62
1641 14 75
1642 82 53
1643 13 29
1644 23 24
1645 80 12
1646 69 63
1647 24 9
1648 86 43
1649 31 74
1650 30 83
1651 46 76
1652 50 67
1653 15 89
1654 24 4
1655 82 19
1656 49 54
1657 5 66
1658 81 34
1659 33 27
1660 54 16
1661 83 66
1662 13 72
1663 3 31
1664 9 89
1665 33 11
1666 39 85
1667 64 4
1668 24 87
1669 35 3
1670 76 58
1671 45 44
1672 36 63
1673 43 19
1674 22 42
1675 75 15
1676 46 40
1677 23 35
1678 48 45
1679 77 70
1680 45 63
1681 24 34
1682 42 86
1683 44 12
1684 27 53
1685 89 70
1686 79 14
1687 78 48
1688 47 9
1689 75 74
1690 72 54
1691 82 61
1692 1 85
1693 70 87
1694 71 9
1695 72 87
1696 74 42
1697 42 1
1698 16 16
1699 50 37
1700 1 39
1701 34 58
1702 23 14
1703 3 59
1704 51 34
1705 80 20
1706 26 81
1707 60 55
1708 65 18
1709 63 46
1710 7 54
1711 43 64
1712 25 33
1713 81 77
1714 2 32
1715 28 29
1716 35 89
1717 50 26
1718 21 60
1719 81 76
1720 7 63
1721 30 80
1722 70 88
1723 15 13
1724 73 50
1725 71 64
1726 81 26
1727 7 90
1728 56 66
1729 9 62
1730 76 35
1731 20 14
1732 62 68
1733 12 16
1734 66 75
1735 26 24
1736 10 90
1737 83 44
1738 12 40
1739 9 20
1740 39 19
1741 46 28
1742 60 43
1743 50 48
1744 11 73
1745 74 55
1746 26 10
1747 86 3
1748 7 78
1749 14 54
1750 68 36
1751 71 83
1752 38 39
1753 21 28
1754 33 87
1755 72 83
1756 41 35
1757 51 73
1758 34 14
1759 62 78
1760 22 36
1761 25 35
1762 68 6
1763 75 18
1764 37 55
1765 83 76
1766 74 60
1767 12 69
1768 86 85
1769 52 87
1770 65 42
1771 4 17
1772 39 9
1773 13 59
1774 79 24
1775 43 11
1776 42 83
1777 38 22
1778 19 33
1779 20 11
1780 60 13
1781 12 46
1782 53 55
1783 76 78
1784 34 61
1785 13 67
1786 8 14
1787 61 0
1788 87 90
1789 18 88
1790 29 34
1791 85 42
1792 12 66
1793 39 50
1794 49 23
1795 17 25
1796 36 68
1797 0 83
1798 12 44
1799 27 42
1800 21 60
1801 88 45
1802 44 18
1803 17 1
1804 44 54
1805 25 66
1806 67 11
1807 29 16
1808 13 15
1809 67 51
1810 31 26
1811 59 56
1812 15 58
1813 82 23
1814 89 58
1815 63 32
1816 49 25
1817 1 58
1818 45 74
1819 60 62
1820 27 22
1821 23 27
1822 19 87
1823 87 60
1824 63 34
1825 29 12
1826 51 16
1827 4 41
1828 44 43
1829 60 68
1830 55 61
1831 83 54
1832 42 9
1833 55 30
1834 81 22
1835 47 80
1836 23 61
1837 62 67
1838 3 78
1839 43 8
1840 31 7
1841 47 65
1842 88 89
1843 58 36
1844 35 72
1845 15 64
1846 62 63
1847 61 60
1848 7 49
1849 24 84
1850 79 47
1851 88 57
1852 74 90
1853 31 26
1854 18 18
1855 77 60
1856 5 57
1857 2 84
1858 86 66
1859 59 75
1860 20 62
1861 9 35
1862 40 23
1863 18 88
1864 88 24
1865 62 18
1866 73 33
1867 30 11
1868 17 81
1869 4 67
1870 71 72
1871 64 57
1872 33 70
1873 19 72
1874 39 41
1875 43 83
1876 6 4
1877 57 77
1878 8 15
1879 28 45
1880 25 75
1881 16 22
1882 89 48
1883 11 23
1884 83 36
1885 52 61
1886 20 71
1887 6 45
1888 54 52
1889 38 81
1890 36 55
1891 41 27
1892 60 88
1893 68 23
1894 32 86
1895 43 50
1896 44 5
1897 4 41
1898 35 81
1899 60 19
1900 60 89
1901 81 14
1902 20 53
1903 58 23
1904 49 62
1905 9 32
1906 13 40
1907 74 53
1908 50 65
1909 58 42
1910 65 0
1911 71 59
1912 39 90
1913 27 58
1914 40 87
1915 16 42
1916 62 7
1917 84 24
1918 34 34
1919 16 1
1920 42 27
1921 62 17
1922 63 85
1923 31 16
1924 67 86
1925 58 59
1926 55 32
1927 5 84
1928 18 61
1929 20 48
1930 47 81
1931 6 57
1932 23 53
1933 12 46
1934 45 43
1935 38 22
1936 36 51
1937 59 53
1938 52 73
1939 45 56
1940 49 88
1941 4 52
1942 27 14
1943 30 26
1944 3 64
1945 70 19
1946 12 11
1947 61 56
1948 10 61
1949 9 48
1950 2 76
1951 50 47
1952 66 2
1953 64 90
1954 48 53
1955 29 42
1956 57 61
1957 70 53
1958 23 44
1959 47 65
1960 37 22
1961 40 13
1962 26 65
1963 87 54
1964 74 24
1965 7 41
1966 24 20
1967 37 7
1968 21 50
1969 28 65
1970 19 68
1971 2 86
1972 12 36
1973 62 41
1974 78 19
1975 73 41
1976 22 81
1977 48 12
1978 90 73
1979 9 66
1980 80 55
1981 62 38
1982 40 15
1983 58 34
1984 80 34
1985 24 33
1986 67 83
1987 68 10
1988 39 2
1989 15 54
1990 13 41
1991 44 6
1992 39 72
1993 66 58
1994 3 13
1995 0 5
1996 43 77
1997 15 45
1998 64 61
1999 48 2
2000 14 58
2001 15 90
2002 69 59
2003 55 42
2004 64 5
2005 26 6
2006 28 42
2007 6 69
2008 55 25
2009 33 23
2010 8 89
2011 39 86
2012 44 80
2013 45 52
2014 27 32
2015 81 37
2016 63 26
2017 40 57
2018 68 51
2019 59 81
2020 65 12
2021 87 85
2022 58 26
2023 51 90
2024 16 49
2025 49 45
2026 83 89
2027 50 61
2028 50 26
2029 26 17
2030 39 21
2031 15 51
2032 61 81
2033 56 4
2034 83 66
2035 46 7
2036 77 48
2037 6 64
2038 21 89
2039 30 8
2040 89 76
2041 78 88
2042 30 16
2043 88 37
2044 67 34
2045 2 5
2046 31 5
2047 4 12
2048 66 44
2049 35 15
2050 49 44
2051 48 46
2052 75 10
2053 56 23
2054 9 75
2055 82 69
2056 13 29
2057 89 43
2058 2 51
2059 27 39
2060 78 59
2061 2 84
2062 49 37
2063 51 51
2064 22 38
2065 16 71
2066 89 3
2067 48 69
2068 88 75
2069 37 70
2070 21 70
2071 20 13
2072 19 86
2073 48 42
2074 7 42
2075 55 33
2076 76 71
2077 5 10
2078 45 3
2079 38 76
2080 17 34
2081 50 58
2082 39 73
2083 76 81
2084 12 73
2085 75 39
2086 17 30
2087 89 76
2088 36 78
2089 69 0
2090 46 18
2091 44 42
2092 34 80
2093 51 67
2094 9 79
2095 77 28
2096 23 90
2097 24 37
2098 45 66
2099 20 34
2100 89 90
2101 51 66
2102 82 90
2103 4 40
2104 59 45
2105 3 25
2106 17 83
2107 72 8
2108 13 69
2109 23 49
2110 12 0
2111 26 48
2112 31 36
2113 66 3
2114 65 73
2115 47 52
2116 83 13
2117 4 0
2118 83 34
2119 89 88
2120 38 5
2121 13 42
2122 12 82
2123 76 25
2124 72 16
2125 64 59
2126 58 12
2127 25 62
2128 41 80
2129 68 49
2130 30 15
2131 47 19
2132 50 30
2133 55 2
2134 30 64
2135 78 69
2136 47 84
2137 23 46
2138 17 67
2139 89 33
2140 33 10
2141 80 48
2142 90 42
2143 55 87
2144 70 73
2145 79 16
2146 68 34
2147 9 79
2148 70 89
2149 81 16
2150 79 58
2151 28 82
2152 70 5
2153 47 28
2154 8 1
2155 86 53
2156 86 21
2157 88 64
2158 85 56
2159 70 62
2160 64 46
2161 60 44
2162 77 33
2163 30 89
2164 64 53
2165 51 23
2166 85 82
2167 58 73
2168 78 67
2169 21 21
2170 27 23
2171 65 77
2172 55 65
2173 67 48
2174 18 15
2175 18 34
2176 64 82
2177 21 44
2178 58 36
2179 60 29
2180 38 24
2181 71 5
2182 2 34
2183 5 74
2184 3 78
2185 87 33
2186 56 29
2187 0 44
2188 77 33
2189 53 56
2190 74 42
2191 46 34
2192 84 37
2193 67 45
2194 38 36
2195 5 61
2196 60 62
2197 61 81
2198 69 8
2199 14 77
2200 66 30
2201 37 34
2202 4 24
2203 20 17
2204 48 80
2205 44 78
2206 58 70
2207 63 14
2208 8 55
2209 38 20
2210 67 62
2211 30 53
2212 21 48
2213 30 62
2214 64 40
2215 48 52
2216 61 80
2217 36 1
2218 39 61
2219 11 8
2220 75 25
2221 64 81
2222 69 83
2223 59 60
2224 64 61
2225 76 59
2226 79 68
2227 7 36
2228 88 49
2229 16 37
2230 0 39
2231 16 89
2232 44 44
2233 25 16
2234 25 83
2235 26 60
2236 70 75
2237 38 49
2238 61 57
2239 41 40
2240 79 31
2241 71 86
2242 83 49
2243 67 3
2244 40 31
2245 42 54
2246 84 82
2247 9 48
2248 37 67
2249 76 62
2250 74 43
2251 4 63
2252 12 45
2253 5 3
2254 77 15
2255 21 4
2256 32 44
2257 73 20
2258 63 38
2259 67 85
2260 27 37
2261 0 47
2262 9 20
2263 88 80
2264 44 42
2265 76 2
2266 39 8
2267 51 11
2268 74 30
2269 14 50
2270 4 65
2271 18 89
2272 89 50
2273 47 17
2274 51 42
2275 73 58
2276 52 78
2277 84 77
2278 15 40
2279 34 52
2280 71 72
2281 81 12
2282 34 26
2283 44 54
2284 30 46
2285 24 84
2286 6 59
2287 25 41
2288 35 77
2289 11 31
2290 27 48
2291 82 45
2292 38 1
2293 77 50
2294 62 90
2295 48 41
2296 13 62
2297 88 51
2298 10 16
2299 28 45
2300 41 14
2301 78 11
2302 55 27
2303 3 90
2304 21 79
2305 69 53
2306 82 12
2307 3 85
2308 90 64
2309 63 31
2310 19 85
2311 12 63
2312 17 56
2313 80 16
2314 43 35
2315 5 56
2316 58 18
2317 70 21
2318 21 48
2319 8 35
2320 66 24
2321 49 73
2322 23 90
2323 26 26
2324 52 71
2325 77 34
2326 55 2
2327 76 72
2328 45 31
2329 54 6
2330 40 85
2331 44 83
2332 33 65
2333 74 66
2334 85 3
2335 22 44
2336 64 86
2337 41 57
2338 38 54
2339 65 80
2340 60 70
2341 61 83
2342 78 34
2343 73 34
2344 27 3
2345 54 3
2346 36 7
2347 1 80
2348 40 61
2349 53 10
2350 18 53
2351 78 57
2352 3 72
2353 62 18
2354 73 31
2355 63 81
2356 3 11
2357 47 22
2358 85 71
2359 26 33
2360 27 57
2361 42 31
2362 56 38
2363 61 58
2364 39 83
2365 32 45
2366 33 60
2367 62 8
2368 10 9
2369 62 67
2370 31 13
2371 78 39
2372 71 47
2373 62 44
2374 15 44
2375 78 22
2376 71 80
2377 12 11
2378 51 31
2379 68 27
2380 13 68
2381 5 56
2382 40 50
2383 76 85
2384 78 65
2385 82 58
2386 89 89
2387 37 1
2388 74 64
2389 34 7
2390 17 32
2391 79 82
2392 67 70
2393 42 56
2394 15 87
2395 53 81
2396 86 18
2397 90 48
2398 67 30
2399 18 69
2400 44 55
2401 25 59
2402 17 38
2403 59 74
2404 56 2
2405 6 46
2406 34 31
2407 44 12
2408 57 16
2409 45 29
2410 17 66
2411 45 48
2412 19 0
2413 73 28
2414 24 86
2415 74 55
2416 90 42
2417 79 15
2418 7 15
2419 66 86
2420 23 18
2421 18 73
2422 36 51
2423 18 32
2424 7 79
2425 36 55
2426 16 81
2427 17 31
2428 39 24
2429 31 1
2430 69 90
2431 87 80
2432 50 47
2433 38 10
2434 34 40
2435 39 64
2436 46 46
2437 80 74
2438 41 28
2439 44 16
2440 11 48
2441 82 22
2442 37 75
2443 20 89
2444 19 9
2445 35 89
2446 1 13
2447 0 33
2448 49 52
2449 0 60
2450 57 87
2451 65 39
2452 37 55
2453 33 65
2454 32 63
2455 69 67
2456 23 10
2457 25 85
2458 23 31
2459 30 2
2460 40 23
2461 16 13
2462 43 25
2463 71 0
2464 84 27
2465 73 83
2466 53 9
2467 20 33
2468 88 85
2469 29 58
2470 1 11
2471 67 52
2472 5 59
2473 69 48
2474 23 45
2475 14 86
2476 57 73
2477 88 59
2478 61 48
2479 8 40
2480 49 49
2481 38 45
2482 29 86
2483 42 89
2484 30 17
2485 17 60
2486 64 73
2487 5 15
2488 47 41
2489 62 45
2490 53 61
2491 49 18
2492 19 48
2493 79 40
2494 61 28
2495 24 39
2496 44 18
2497 60 62
2498 53 50
2499 5 11
2500 24 20
2501 0 59
2502 13 6
2503 52 83
2504 80 66
2505 21 83
2506 3 90
2507 74 73
2508 53 23
2509 75 7
2510 68 81
2511 28 46
2512 81 63
2513 77 62
2514 77 14
2515 58 78
2516 54 42
2517 74 76
2518 31 71
2519 57 79
2520 10 2
2521 31 23
2522 90 43
2523 35 17
2524 8 50
2525 86 15
2526 2 34
2527 54 47
2528 77 86
2529 76 78
2530 44 71
2531 84 76
2532 50 34
2533 66 4
2534 51 77
2535 89 29
2536 76 82
2537 21 67
2538 87 82
2539 38 81
2540 57 70
2541 11 25
2542 2 54
2543 81 39
2544 37 20
2545 4 81
2546 1 1
2547 35 76
2548 5 62
2549 46 78
2550 21 14
2551 78 25
2552 14 47
2553 19 4
2554 67 67
2555 45 30
2556 58 5
2557 88 89
2558 63 87
2559 6 90
2560 40 17
2561 13 59
2562 50 54
2563 45 88
2564 28 47
2565 45 13
2566 79 46
2567 41 44
2568 50 29
2569 16 76
2570 3 57
2571 83 73
2572 35 49
2573 26 63
2574 12 36
2575 50 33
2576 25 9
2577 53 80
2578 4 59
2579 33 18
2580 44 9
2581 14 14
2582 62 74
2583 53 13
2584 19 23
2585 87 71
2586 60 54
2587 8 49
2588 39 39
2589 79 77
2590 16 71
2591 35 49
2592 43 6
2593 29 60
2594 71 12
2595 90 34
2596 6 67
2597 73 5
2598 56 52
2599 51 88
2600 43 87
2601 24 55
2602 28 30
2603 88 53
2604 59 89
2605 41 2
2606 83 72
2607 86 5
2608 51 40
2609 45 15
2610 35 47
2611 34 62
2612 20 22
2613 4 16
2614 4 76
2615 89 27
2616 55 88
2617 7 18
2618 15 71
2619 49 46
2620 59 26
2621 70 73
2622 76 75
2623 87 78
2624 77 57
2625 18 14
2626 87 3
2627 76 3
2628 9 62
2629 90 39
2630 68 76
2631 1 48
2632 12 10
2633 37 58
2634 24 80
2635 50 51
2636 64 51
2637 25 5
2638 62 7
2639 84 5
2640 73 79
2641 73 47
2642 52 43
2643 36 15
2644 62 53
2645 41 61
2646 56 73
2647 57 84
2648 2 10
2649 23 53
2650 76 38
2651 35 6
2652 26 71
2653 4 49
2654 42 30
2655 42 59
2656 73 1
2657 58 56
2658 41 14
2659 80 6
2660 65 70
2661 5 54
2662 14 31
2663 52 38
2664 80 55
2665 74 75
2666 41 51
2667 90 47
2668 89 54
2669 71 8
2670 77 81
2671 52 69
2672 28 87
2673 79 53
2674 0 64
2675 14 44
2676 19 5
2677 7 38
2678 41 14
2679 89 32
2680 89 3
2681 4 59
2682 30 18
2683 87 72
2684 47 22
2685 82 57
2686 85 49
2687 54 49
2688 55 21
2689 35 56
2690 45 5
2691 27 86
2692 18 78
2693 71 58
2694 65 16
2695 33 22
2696 57 77
2697 9 39
2698 42 25
2699 63 89
2700 13 82
2701 45 39
2702 4 9
2703 60 4
2704 1 29
2705 11 2
2706 68 72
2707 79 35
2708 12 9
2709 34 44
2710 24 65
2711 70 85
2712 64 45
2713 66 51
2714 83 9
2715 43 33
2716 57 62
2717 45 26
2718 35 89
2719 22 71
2720 85 18
2721 12 74
2722 5 31
2723 37 13
2724 88 81
2725 87 77
2726 50 65
2727 47 6
2728 74 47
2729 67 6
2730 45 77
2731 82 61
2732 80 56
2733 73 88
2734 74 57
2735 2 88
2736 64 56
2737 44 86
2738 9 29
2739 12 19
2740 72 19
2741 75 83
2742 32 34
2743 3 21
2744 10 21
2745 14 4
2746 38 39
2747 28 52
2748 31 14
2749 12 9
2750 14 34
2751 22 74
2752 79 0
2753 38 80
2754 77 90
2755 24 79
2756 0 42
2757 32 37
2758 48 47
2759 20 16
2760 24 58
2761 37 19
2762 72 34
2763 66 6
2764 23 62
2765 36 81
2766 77 65
2767 66 65
2768 30 36
2769 52 73
2770 6 27
2771 69 10
2772 15 65
2773 29 32
2774 12 4
2775 57 8
2776 49 72
2777 6 67
2778 9 47
2779 4 31
2780 43 77
2781 0 16
2782 55 27
2783 53 54
2784 34 60
2785 17 24
2786 75 1
2787 15 57
2788 6 50
2789 36 31
2790 22 61
2791 48 49
2792 48 82
2793 76 50
2794 29 12
2795 76 49
2796 15 35
2797 76 13
2798 20 77
2799 37 42
2800 63 57
2801 59 16
2802 49 86
2803 10 21
2804 62 77
2805 61 35
2806 54 78
2807 86 72
2808 35 54
2809 48 70
2810 64 9
2811 48 56
2812 83 88
2813 84 44
2814 21 25
2815 60 14
2816 66 86
2817 39 3
2818 2 32
2819 84 57
2820 86 38
2821 49 76
2822 86 65
2823 57 47
2824 28 43
2825 24 40
2826 61 74
2827 67 21
2828 45 38
2829 83 77
2830 30 1
2831 77 30
2832 10 66
2833 41 44
2834 67 84
2835 11 87
2836 54 36
2837 79 31
2838 40 39
2839 67 66
2840 18 66
2841 6 45
2842 4 44
2843 26 87
2844 77 58
2845 79 51
2846 83 48
2847 33 21
2848 23 31
2849 61 5
2850 52 2
2851 52 63
2852 52 88
2853 81 76
2854 63 4
2855 73 7
2856 22 6
2857 55 13
2858 79 44
2859 50 30
2860 47 34
2861 78 76
2862 51 2
2863 36 52
2864 37 88
2865 24 0
2866 70 48
2867 5 55
2868 25 3
2869 16 26
2870 76 73
2871 34 85
2872 77 44
2873 55 28
2874 35 71
2875 1 52
2876 22 56
2877 53 16
2878 20 61
2879 34 26
2880 78 74
2881 86 49
2882 16 66
2883 41 35
2884 3 70
2885 36 65
2886 23 41
2887 6 37
2888 89 45
2889 13 65
2890 27 89
2891 22 47
2892 72 77
2893 49 72
2894 70 8
2895 42 79
2896 55 66
2897 67 88
2898 85 51
2899 55 69
2900 2 72
2901 73 60
2902 26 65
2903 67 9
2904 0 2
2905 70 72
2906 45 80
2907 41 53
2908 16 24
2909 79 74
2910 26 33
2911 4 55
2912 7 21
2913 5 49
2914 17 42
2915 40 16
2916 51 16
2917 41 67
2918 60 57
2919 74 7
2920 28 17
2921 46 57
2922 13 31
2923 80 24
2924 38 55
2925 16 14
2926 32 45
2927 17 62
2928 14 50
2929 9 84
2930 16 34
2931 2 18
2932 59 89
2933 7 35
2934 9 57
2935 88 7
2936 42 81
2937 31 90
2938 35 14
2939 82 74
2940 70 24
2941 64 0
2942 17 82
2943 3 31
2944 3 68
2945 50 38
2946 27 18
2947 80 9
2948 16 25
2949 71 36
2950 50 37
2951 57 17
2952 48 65
2953 82 39
2954 41 43
2955 44 61
2956 74 86
2957 45 24
2958 0 84
2959 75 64
2960 17 54
2961 8 56
2962 82 35
2963 70 86
2964 76 79
2965 67 25
2966 66 50
2967 80 62
2968 53 73
2969 26 87
2970 77 90
2971 53 58
2972 54 34
2973 56 50
2974 38 84
2975 71 73
2976 59 56
2977 4 23
2978 22 58
2979 88 4
2980 74 16
2981 85 84
2982 30 27
2983 7 75
2984 66 43
2985 48 35
2986 11 45
2987 47 48
2988 77 22
2989 60 36
2990 33 38
2991 68 88
2992 25 38
2993 23 37
2994 77 16
2995 19 64
2996 22 34
2997 0 85
2998 39 72
2999 0 79
3000 62 73
3001 6 26
3002 46 75
3003 64 20
3004 37 26
3005 9 86
3006 77 54
3007 33 87
3008 8 41
3009 61 89
3010 73 51
3011 66 78
3012 24 19
3013 85 3
3014 31 58
3015 42 3
3016 26 10
3017 66 10
3018 84 41
3019 83 72
3020 60 79
3021 7 37
3022 22 27
3023 79 76
3024 66 73
3025 33 71
3026 45 54
3027 18 6
3028 40 44
3029 55 35
3030 61 2
3031 18 84
3032 23 90
3033 46 72
3034 77 76
3035 79 24
3036 33 9
3037 66 24
3038 75 38
3039 37 61
3040 89 68
3041 86 49
3042 63 7
3043 90 58
3044 69 88
3045 12 85
3046 49 54
3047 87 7
3048 46 64
3049 68 2
3050 14 19
3051 70 5
3052 10 10
3053 57 49
3054 0 60
3055 39 6
3056 77 26
3057 43 16
3058 55 76
3059 61 10
3060 74 84
3061 15 37
3062 27 68
3063 0 72
3064 9 15
3065 37 55
3066 62 4
3067 35 40
3068 61 48
3069 67 68
3070 83 77
3071 31 42
3072 17 36
3073 80 21
3074 39 47
3075 55 30
3076 0 46
3077 25 38
3078 17 81
3079 79 39
3080 64 47
3081 8 87
3082 83 72
3083 35 74
3084 34 4
3085 46 46
3086 77 39
3087 39 27
3088 48 12
3089 16 21
3090 55 59
3091 36 12
3092 2 47
3093 22 70
3094 28 8
3095 46 3
3096 34 26
3097 30 54
3098 51 16
3099 88 74
3100 27 90
3101 13 13
3102 40 10
3103 79 40
3104 25 33
3105 33 0
3106 82 88
3107 64 52
3108 72 30
3109 87 26
3110 72 13
3111 90 75
3112 80 30
3113 84 42
3114 81 62
3115 61 52
3116 62 30
3117 88 11
3118 46 42
3119 48 18
3120 83 22
3121 51 21
3122 90 63
3123 32 63
3124 21 21
3125 43 4
3126 29 58
3127 15 59
3128 27 14
3129 14 36
3130 33 51
3131 90 13
3132 29 41
3133 86 4
3134 31 12
3135 50 36
3136 49 23
3137 27 34
3138 18 62
3139 83 28
3140 7 27
3141 13 54
3142 80 66
3143 36 86
3144 87 15
3145 45 6
3146 20 59
3147 0 53
3148 28 28
3149 84 0
3150 80 63
3151 4 15
3152 39 85
3153 28 17
3154 7 50
3155 3 6
3156 32 0
3157 89 56
3158 55 75
3159 30 34
3160 54 16
3161 12 60
3162 25 29
3163 14 1
3164 68 23
3165 54 47
3166 63 20
3167 84 30
3168 35 24
3169 6 64
3170 73 63
3171 59 87
3172 63 2
3173 1 47
3174 14 19
3175 48 4
3176 10 1
3177 29 44
3178 69 36
3179 61 69
3180 76 3
3181 78 6
3182 90 72
3183 15 59
3184 33 22
3185 24 24
3186 60 73
3187 33 33
3188 21 52
3189 73 61
3190 90 21
3191 85 20
3192 33 2
3193 63 7
3194 52 29
3195 57 53
3196 22 2
3197 73 60
3198 57 3
3199 43 23
3200 37 68
3201 21 79
3202 6 82
3203 7 69
3204 27 35
3205 90 12
3206 37 64
3207 83 10
3208 14 75
3209 42 48
3210 26 19
3211 69 35
3212 78 51
3213 15 5
3214 79 49
3215 47 50
3216 84 78
3217 77 72
3218 76 45
3219 70 11
3220 81 64
3221 9 8
3222 57 72
3223 28 89
3224 66 38
3225 3 61
3226 4 38
3227 59 43
3228 85 83
3229 19 3
3230 74 80
3231 53 79
3232 78 62
3233 15 52
3234 5 82
3235 8 62
3236 34 89
3237 21 53
3238 63 4
3239 55 40
3240 75 55
3241 78 52
3242 54 87
3243 26 54
3244 3 54
3245 83 79
3246 2 85
3247 58 61
3248 54 35
3249 66 11
3250 78 78
3251 10 50
3252 4 23
3253 89 83
3254 67 4
3255 13 13
3256 26 43
3257 16 81
3258 79 51
3259 79 37
3260 25 7
3261 43 25
3262 48 40
3263 88 62
3264 87 63
3265 34 24
3266 27 56
3267 62 30
3268 77 84
3269 72 55
3270 29 67
3271 73 46
3272 5 26
3273 63 25
3274 40 68
3275 82 54
3276 20 75
3277 12 10
3278 18 64
3279 79 14
3280 90 88
3281 60 30
3282 32 18
3283 11 9
3284 4 23
3285 49 74
3286 59 56
3287 45 77
3288 60 7
3289 89 14
3290 71 19
3291 39 58
3292 43 9
3293 45 35
3294 10 55
3295 90 39
3296 63 76
3297 30 42
3298 89 39
3299 60 79
3300 25 71
3301 38 27
3302 56 16
3303 83 12
3304 55 67
3305 62 86
3306 6 63
3307 26 7
3308 80 54
3309 75 85
3310 86 13
3311 51 59
3312 1 89
3313 0 43
3314 63 70
3315 0 85
3316 43 9
3317 63 64
3318 51 47
3319 88 68
3320 31 77
3321 9 85
3322 18 33
3323 48 8
3324 25 40
3325 2 63
3326 17 41
3327 79 7
3328 25 80
3329 75 44
3330 49 30
3331 84 36
3332 13 0
3333 24 89
3334 58 11
3335 69 69
3336 55 75
3337 69 54
3338 13 48
3339 34 7
3340 11 14
3341 9 35
3342 75 83
3343 21 14
3344 44 18
3345 70 41
3346 49 74
3347 54 74
3348 67 17
3349 83 56
3350 20 80
3351 1 42
3352 20 15
3353 59 84
3354 53 80
3355 9 38
3356 35 44
3357 2 70
3358 83 55
3359 38 37
3360 5 0
3361 21 78
3362 83 33
3363 44 85
3364 46 87
3365 68 19
3366 17 41
3367 36 87
3368 12 18
3369 0 51
3370 70 3
3371 87 0
3372 2 60
3373 74 53
3374 32 33
3375 55 25
3376 9 51
3377 33 14
3378 24 30
3379 65 19
3380 2 20
3381 41 65
3382 63 30
3383 70 78
3384 60 37
3385 8 76
3386 15 42
3387 42 26
3388 48 65
3389 79 86
3390 64 72
3391 45 14
3392 6 5
3393 42 61
3394 72 29
3395 40 89
3396 55 79
3397 45 87
3398 17 40
3399 1 73
3400 77 9
3401 70 24
3402 31 6
3403 46 25
3404 76 34
3405 43 57
3406 81 49
3407 1 30
3408 49 59
3409 69 27
3410 70 17
3411 87 37
3412 43 56
3413 63 1
3414 6 15
3415 32 32
3416 33 13
3417 12 62
3418 7 66
3419 39 8
3420 71 24
3421 59 80
3422 90 2
3423 28 55
3424 39 46
3425 73 48
3426 37 79
3427 76 63
3428 75 88
3429 71 52
3430 69 28
3431 1 87
3432 8 34
3433 69 17
3434 76 31
3435 53 84
3436 11 18
3437 68 44
3438 90 39
3439 90 8
3440 73 5
3441 49 33
3442 78 20
3443 49 35
3444 42 48
3445 4 4
3446 76 71
3447 19 52
3448 23 46
3449 75 55
3450 2 11
3451 51 50
3452 22 77
3453 5 6
3454 55 88
3455 82 17
3456 28 58
3457 24 38
3458 37 26
3459 40 84
3460 32 42
3461 28 33
3462 85 47
3463 65 19
3464 64 41
3465 41 26
3466 46 29
3467 52 51
3468 8 66
3469 51 80
3470 8 77
3471 1 89
3472 32 45
3473 81 52
3474 81 80
3475 62 48
3476 2 71
3477 88 81
3478 3 26
3479 34 33
3480 17 38
3481 33 14
3482 58 30
3483 5 7
3484 28 3
3485 40 88
3486 24 87
3487 88 38
3488 85 2
3489 56 22
3490 89 86
3491 14 89
3492 63 86
3493 61 8
3494 32 6
3495 23 14
3496 21 84
3497 33 19
3498 17 23
3499 5 56
3500 54 32
3501 56 25
3502 76 5
3503 31 50
3504 3 34
3505 87 63
3506 88 61
3507 41 79
3508 6 13
3509 16 8
3510 89 38
3511 72 9
3512 72 68
3513 46 20
3514 46 7
3515 37 57
3516 75 21
3517 64 43
3518 60 63
3519 75 82
3520 58 54
3521 87 67
3522 19 70
3523 22 30
3524 72 57
3525 67 24
3526 86 12
3527 55 60
3528 54 22
3529 22 70
3530 51 77
3531 12 70
3532 49 21
3533 2 19
3534 78 48
3535 55 80
3536 47 88
3537 80 39
3538 24 47
3539 67 63
3540 37 87
3541 26 88
3542 61 39
3543 68 0
3544 37 65
3545 24 4
3546 51 28
3547 15 71
3548 46 16
3549 43 80
3550 48 81
3551 43 55
3552 6 42
3553 46 86
3554 55 46
3555 45 12
3556 1 10
3557 85 39
3558 19 9
3559 8 37
3560 3 21
3561 17 54
3562 36 9
3563 81 80
3564 20 77
3565 18 18
3566 2 58
3567 32 53
3568 52 47
3569 24 46
3570 60 27
3571 65 2
3572 87 57
3573 48 74
3574 2 12
3575 70 17
3576 18 13
3577 62 55
3578 24 28
3579 51 75
3580 88 77
3581 23 50
3582 58 4
3583 9 60
3584 73 52
3585 47 88
3586 81 38
3587 2 59
3588 24 39
3589 14 57
3590 59 6
3591 72 88
3592 53 37
3593 63 27
3594 62 25
3595 10 23
3596 19 77
3597 84 63
3598 22 87
3599 51 90
3600 88 60
3601 82 88
3602 52 14
3603 31 64
3604 55 17
3605 77 78
3606 50 6
3607 74 63
3608 36 25
3609 69 71
3610 55 84
3611 58 46
3612 50 61
3613 42 20
3614 36 21
3615 53 34
3616 18 2
3617 75 83
3618 35 49
3619 36 15
3620 31 85
3621 58 62
3622 67 73
3623 62 10
3624 75 88
3625 88 34
3626 50 7
3627 63 3
3628 29 47
3629 55 74
3630 87 52
3631 10 55
3632 86 64
3633 69 47
3634 73 58
3635 14 82
3636 31 30
3637 73 35
3638 88 90
3639 34 42
3640 4 6
3641 33 10
3642 11 20
3643 25 87
3644 73 6
3645 82 43
3646 35 62
3647 61 14
3648 14 7
3649 32 9
3650 31 42
3651 75 47
3652 47 76
3653 11 82
3654 59 33
3655 31 85
3656 14 27
3657 62 67
3658 60 51
3659 10 69
3660 69 39
3661 77 31
3662 79 71
3663 57 74
3664 63 15
3665 35 62
3666 65 45
3667 71 60
3668 43 55
3669 23 47
3670 8 46
3671 75 73
3672 62 7
3673 35 2
3674 58 59
3675 51 54
3676 82 35
3677 90 41
3678 78 84
3679 72 48
3680 29 85
3681 49 42
3682 40 30
3683 60 14
3684 45 19
3685 35 60
3686 40 24
3687 58 22
3688 56 76
3689 76 5
3690 35 90
3691 73 36
3692 39 12
3693 8 87
3694 89 28
3695 26 54
3696 73 22
3697 15 30
3698 41 25
3699 71 38
3700 80 72
3701 21 41
3702 34 74
3703 50 73
3704 57 59
3705 45 0
3706 70 9
3707 11 8
3708 24 63
3709 51 57
3710 6 72
3711 72 31
3712 45 75
3713 30 2
3714 15 68
3715 11 40
3716 37 56
3717 58 37
3718 44 73
3719 87 48
3720 49 3
3721 84 78
3722 67 4
3723 28 64
3724 5 73
3725 34 22
3726 68 71
3727 49 57
3728 2 45
3729 77 36
3730 52 76
3731 59 55
3732 9 86
3733 17 17
3734 29 44
3735 22 37
3736 5 84
3737 61 77
3738 72 13
3739 90 63
3740 65 41
3741 65 61
3742 62 68
3743 57 18
3744 59 83
3745 30 17
3746 42 78
3747 66 35
3748 36 70
3749 39 16
3750 43 85
3751 83 34
3752 48 58
3753 81 26
3754 31 82
3755 12 74
3756 12 41
3757 47 5
3758 61 51
3759 48 18
3760 78 30
3761 34 62
3762 37 14
3763 45 71
3764 49 46
3765 85 31
3766 55 45
3767 64 5
3768 5 36
3769 20 23
3770 86 30
3771 72 83
3772 53 72
3773 7 77
3774 84 76
3775 85 70
3776 35 17
3777 7 61
3778 21 16
3779 75 67
3780 58 84
3781 68 56
3782 90 8
3783 61 45
3784 85 26
3785 38 14
3786 20 21
3787 1 6
3788 80 57
3789 26 5
3790 23 22
3791 50 72
3792 67 63
3793 11 69
3794 10 37
3795 85 1
3796 31 87
3797 29 16
3798 77 70
3799 3 65
3800 3 9
3801 72 12
3802 54 30
3803 47 55
3804 44 34
3805 41 90
3806 35 10
3807 46 7
3808 56 70
3809 61 10
3810 50 24
3811 55 39
3812 81 25
3813 77 16
3814 15 22
3815 51 18
3816 16 38
3817 31 16
3818 22 6
3819 34 35
3820 53 36
3821 8 56
3822 7 81
3823 5 54
3824 75 83
3825 90 63
3826 59 76
3827 54 12
3828 79 73
3829 13 62
3830 65 8
3831 58 35
3832 49 36
3833 68 11
3834 57 40
3835 42 38
3836 89 43
3837 5 32
3838 4 0
3839 35 4
3840 88 30
3841 63 1
3842 17 34
3843 6 50
3844 81 9
3845 14 42
3846 76 67
3847 25 9
3848 21 79
3849 67 15
3850 29 13
3851 75 39
3852 42 56
3853 52 77
3854 55 32
3855 29 61
3856 15 89
3857 88 49
3858 23 39
3859 72 24
3860 63 26
3861 68 8
3862 74 34
3863 83 24
3864 69 45
3865 51 80
3866 3 30
3867 0 90
3868 27 10
3869 86 78
3870 86 75
3871 44 42
3872 35 90
3873 32 82
3874 8 84
3875 38 5
3876 42 87
3877 49 57
3878 57 24
3879 54 76
3880 87 43
3881 36 20
3882 2 23
3883 27 86
3884 61 58
3885 4 72
3886 48 82
3887 51 1
3888 66 66
3889 86 78
3890 14 36
3891 17 18
3892 9 10
3893 10 17
3894 68 82
3895 65 1
3896 34 45
3897 22 1
3898 36 7
3899 35 83
3900 85 71
3901 53 5
3902 61 26
3903 71 53
3904 3 62
3905 26 38
3906 74 7
3907 67 45
3908 68 39
3909 30 72
3910 30 80
3911 57 81
3912 67 1
3913 80 90
3914 80 4
3915 39 66
3916 68 19
3917 5 82
3918 84 65
3919 8 7
3920 31 30
3921 27 77
3922 4 2
3923 72 57
3924 32 54
3925 36 52
3926 63 20
3927 28 87
3928 61 14
3929 26 6
3930 82 8
3931 63 53
3932 41 64
3933 47 21
3934 39 55
3935 35 30
3936 20 82
3937 71 65
3938 54 33
3939 23 47
3940 82 1
3941 84 50
3942 21 34
3943 28 7
3944 88 38
3945 12 36
3946 52 13
3947 72 63
3948 77 33
3949 28 89
3950 43 74
3951 26 35
3952 73 58
3953 67 12
3954 86 89
3955 84 64
3956 22 28
3957 60 19
3958 76 53
3959 77 54
3960 45 68
3961 59 6
3962 37 16
3963 60 76
3964 63 1
3965 71 11
3966 40 76
3967 7 48
3968 28 21
3969 85 10
3970 84 77
3971 37 83
3972 70 58
3973 40 75
3974 64 15
3975 32 59
3976 62 7
3977 38 57
3978 42 84
3979 28 70
3980 8 1
3981 55 78
3982 0 45
3983 2 41
3984 4 24
3985 21 20
3986 24 11
3987 73 9
3988 35 35
3989 36 54
3990 16 71
3991 21 14
3992 20 4
3993 0 80
3994 16 72
3995 59 6
3996 71 7
3997 79 3
3998 50 12
3999 55 89
4000 19 14
